4755.11,74.49,-0.41,1.34,-0.01,-0.03,-1.02,30.84,99.29,559.28,0.00,0.00,0.00,0.00,0,0,0,0.00,0.00,0.00,0,1
4755.12,74.49,-0.41,1.34,-0.01,-0.03,-1.02,30.84,99.29,559.28,0.00,0.00,0.00,0.00,0,0,0,0.00,0.00,0.00,0,1
4755.13,74.49,-0.41,1.34,-0.01,-0.03,-1.02,30.84,99.29,559.28,0.00,0.00,0.00,0.00,0,0,0,0.00,0.00,0.00,0,1
4755.14,74.49,-0.41,1.34,-0.01,-0.03,-1.02,30.84,99.29,559.28,0.00,0.00,0.00,0.00,0,0,0,0.00,0.00,0.00,0,1
4755.15,74.49,-0.41,1.34,-0.01,-0.03,-1.02,30.84,99.29,559.28,0.00,0.00,0.00,0.00,0,0,0,0.00,0.00,0.00,0,1
4755.16,74.49,-0.41,1.34,-0.01,-0.03,-1.02,30.84,99.29,559.28,0.00,0.00,0.00,0.00,0,0,0,0.00,0.00,0.00,0,1
4755.17,74.49,-0.41,1.34,-0.01,-0.03,-1.02,30.84,99.29,559.28,0.00,0.00,0.00,0.00,0,0,0,0.00,0.00,0.00,0,1
4755.18,74.49,-0.41,1.34,-0.01,-0.03,-1.02,30.84,99.29,559.28,0.00,0.00,0.00,0.00,0,0,0,0.00,0.00,0.00,0,1
4755.19,74.49,-0.41,1.34,-0.01,-0.03,-1.02,30.84,99.29,559.28,0.00,0.00,0.00,0.00,0,0,0,0.00,0.00,0.00,0,1
4755.20,74.49,-0.41,1.34,-0.01,-0.03,-1.02,30.84,99.29,559.28,0.00,0.00,0.00,0.00,0,0,0,0.00,0.00,0.00,0,1
4755.21,74.49,-0.41,1.34,-0.01,-0.03,-1.02,30.84,99.29,559.28,0.00,0.00,0.00,0.00,0,0,0,0.00,0.00,0.00,0,1
4755.22,74.49,-0.41,1.34,-0.01,-0.03,-1.02,30.84,99.29,559.28,0.00,0.00,0.00,0.00,0,0,0,0.00,0.00,0.00,0,1
4755.23,74.49,-0.41,1.34,-0.01,-0.03,-1.02,30.84,99.29,559.28,0.00,0.00,0.00,0.00,0,0,0,0.00,0.00,0.00,0,1
4755.24,74.49,-0.41,1.34,-0.01,-0.03,-1.02,30.84,99.29,559.28,0.00,0.00,0.00,0.00,0,0,0,0.00,0.00,0.00,0,1
4755.25,74.49,-0.41,1.34,-0.01,-0.03,-1.02,30.84,99.29,559.28,0.00,0.00,0.00,0.00,0,0,0,0.00,0.00,0.00,0,1
4755.26,74.49,-0.41,1.34,-0.01,-0.03,-1.02,30.84,99.29,559.28,0.00,0.00,0.00,0.00,0,0,0,0.00,0.00,0.00,0,1
4755.27,74.49,-0.41,1.34,-0.01,-0.03,-1.02,30.84,99.29,559.28,0.00,0.00,0.00,0.00,0,0,0,0.00,0.00,0.00,0,1
4755.28,74.49,-0.41,1.34,-0.01,-0.03,-1.02,30.84,99.29,559.28,0.00,0.00,0.00,0.00,0,0,0,0.00,0.00,0.00,0,1
4755.29,74.49,-0.41,1.34,-0.01,-0.03,-1.02,30.84,99.29,559.28,0.00,0.00,0.00,0.00,0,0,0,0.00,0.00,0.00,0,1
4755.30,74.49,-0.41,1.34,-0.01,-0.03,-1.02,30.84,99.29,559.28,0.00,0.00,0.00,0.00,0,0,0,0.00,0.00,0.00,0,1
4755.31,74.49,-0.41,1.34,-0.01,-0.03,-1.02,30.84,99.29,559.28,0.00,0.00,0.00,0.00,0,0,0,0.00,0.00,0.00,0,1
4755.32,74.49,-0.41,1.34,-0.01,-0.03,-1.02,30.84,99.29,559.28,0.00,0.00,0.00,0.00,0,0,0,0.00,0.00,0.00,0,1
4755.33,74.49,-0.41,1.34,-0.01,-0.03,-1.02,30.84,99.29,559.28,0.00,0.00,0.00,0.00,0,0,0,0.00,0.00,0.00,0,1
4755.34,74.49,-0.41,1.34,-0.01,-0.03,-1.02,30.84,99.29,559.28,0.00,0.00,0.00,0.00,0,0,0,0.00,0.00,0.00,0,1
4755.35,74.49,-0.41,1.34,-0.01,-0.03,-1.02,30.84,99.29,559.28,0.00,0.00,0.00,0.00,0,0,0,0.00,0.00,0.00,0,1
4755.36,74.49,-0.41,1.34,-0.01,-0.03,-1.02,30.84,99.29,559.28,0.00,0.00,0.00,0.00,0,0,0,0.00,0.00,0.00,0,1
4755.37,74.49,-0.41,1.34,-0.01,-0.03,-1.02,30.84,99.29,559.28,0.00,0.00,0.00,0.00,0,0,0,0.00,0.00,0.00,0,1
4755.38,74.49,-0.41,1.34,-0.01,-0.03,-1.02,30.84,99.29,559.28,0.00,0.00,0.00,0.00,0,0,0,0.00,0.00,0.00,0,1
4755.39,74.49,-0.41,1.34,-0.01,-0.03,-1.02,30.84,99.29,559.28,0.00,0.00,0.00,0.00,0,0,0,0.00,0.00,0.00,0,1
4755.40,74.49,-0.41,1.34,-0.01,-0.03,-1.02,30.84,99.29,559.28,0.00,0.00,0.00,0.00,0,0,0,0.00,0.00,0.00,0,1
4755.41,74.49,-0.41,1.34,-0.01,-0.03,-1.02,30.84,99.29,559.28,0.00,0.00,0.00,0.00,0,0,0,0.00,0.00,0.00,0,1
4755.42,74.49,-0.41,1.34,-0.01,-0.03,-1.02,30.84,99.29,559.28,0.00,0.00,0.00,0.00,0,0,0,0.00,0.00,0.00,0,1
4755.43,74.49,-0.41,1.34,-0.01,-0.03,-1.02,30.84,99.29,559.28,0.00,0.00,0.00,0.00,0,0,0,0.00,0.00,0.00,0,1
4755.44,74.49,-0.41,1.34,-0.01,-0.03,-1.02,30.84,99.29,559.28,0.00,0.00,0.00,0.00,0,0,0,0.00,0.00,0.00,0,1
4755.45,74.49,-0.41,1.34,-0.01,-0.03,-1.02,30.84,99.29,559.28,0.00,0.00,0.00,0.00,0,0,0,0.00,0.00,0.00,0,1
4755.46,74.49,-0.41,1.34,-0.01,-0.03,-1.02,30.84,99.29,559.28,0.00,0.00,0.00,0.00,0,0,0,0.00,0.00,0.00,0,1
4755.47,74.49,-0.41,1.34,-0.01,-0.03,-1.02,30.84,99.29,559.28,0.00,0.00,0.00,0.00,0,0,0,0.00,0.00,0.00,0,1
4755.48,74.49,-0.41,1.34,-0.01,-0.03,-1.02,30.84,99.29,559.28,0.00,0.00,0.00,0.00,0,0,0,0.00,0.00,0.00,0,1
4755.49,74.49,-0.41,1.34,-0.01,-0.03,-1.02,30.84,99.29,559.28,0.00,0.00,0.00,0.00,0,0,0,0.00,0.00,0.00,0,1
4755.50,74.49,-0.41,1.34,-0.01,-0.03,-1.02,30.84,99.29,559.28,0.00,0.00,0.00,0.00,0,0,0,0.00,0.00,0.00,0,1
4755.51,74.49,-0.41,1.34,-0.01,-0.03,-1.02,30.84,99.29,559.28,0.00,0.00,0.00,0.00,0,0,0,0.00,0.00,0.00,0,1
4755.52,74.49,-0.41,1.34,-0.01,-0.03,-1.02,30.84,99.29,559.28,0.00,0.00,0.00,0.00,0,0,0,0.00,0.00,0.00,0,1
4755.53,74.49,-0.41,1.34,-0.01,-0.03,-1.02,30.84,99.29,559.28,0.00,0.00,0.00,0.00,0,0,0,0.00,0.00,0.00,0,1
4755.54,74.49,-0.41,1.34,-0.01,-0.03,-1.02,30.84,99.29,559.28,0.00,0.00,0.00,0.00,0,0,0,0.00,0.00,0.00,0,1
4755.55,74.49,-0.41,1.34,-0.01,-0.03,-1.02,30.84,99.29,559.28,0.00,0.00,0.00,0.00,0,0,0,0.00,0.00,0.00,0,1
4755.56,74.49,-0.41,1.34,-0.01,-0.03,-1.02,30.84,99.29,559.28,0.00,0.00,0.00,0.00,0,0,0,0.00,0.00,0.00,0,1
4755.57,74.49,-0.41,1.34,-0.01,-0.03,-1.02,30.84,99.29,559.28,0.00,0.00,0.00,0.00,0,0,0,0.00,0.00,0.00,0,1
4755.58,74.49,-0.41,1.34,-0.01,-0.03,-1.02,30.84,99.29,559.28,0.00,0.00,0.00,0.00,0,0,0,0.00,0.00,0.00,0,1
4755.59,74.49,-0.41,1.34,-0.01,-0.03,-1.02,30.84,99.29,559.28,0.00,0.00,0.00,0.00,0,0,0,0.00,0.00,0.00,0,1
4755.60,74.49,-0.41,1.34,-0.01,-0.03,-1.02,30.84,99.29,559.28,0.00,0.00,0.00,0.00,0,0,0,0.00,0.00,0.00,0,1
4755.61,74.49,-0.41,1.34,-0.01,-0.03,-1.02,30.84,99.29,559.28,0.00,0.00,0.00,0.00,0,0,0,0.00,0.00,0.00,0,1
4755.62,74.49,-0.41,1.34,-0.01,-0.03,-1.02,30.84,99.29,559.28,0.00,0.00,0.00,0.00,0,0,0,0.00,0.00,0.00,0,1
4755.63,74.49,-0.41,1.34,-0.01,-0.03,-1.02,30.84,99.29,559.28,0.00,0.00,0.00,0.00,0,0,0,0.00,0.00,0.00,0,1
4755.64,74.49,-0.41,1.34,-0.01,-0.03,-1.02,30.84,99.29,559.28,0.00,0.00,0.00,0.00,0,0,0,0.00,0.00,0.00,0,1
4755.65,74.49,-0.41,1.34,-0.01,-0.03,-1.02,30.84,99.29,559.28,0.00,0.00,0.00,0.00,0,0,0,0.00,0.00,0.00,0,1
4755.66,74.49,-0.41,1.34,-0.01,-0.03,-1.02,30.84,99.29,559.28,0.00,0.00,0.00,0.00,0,0,0,0.00,0.00,0.00,0,1
4755.67,74.49,-0.41,1.34,-0.01,-0.03,-1.02,30.84,99.29,559.28,0.00,0.00,0.00,0.00,0,0,0,0.00,0.00,0.00,0,1
4755.68,74.49,-0.41,1.34,-0.01,-0.03,-1.02,30.84,99.29,559.28,0.00,0.00,0.00,0.00,0,0,0,0.00,0.00,0.00,0,1
4755.69,74.49,-0.41,1.34,-0.01,-0.03,-1.02,30.84,99.29,559.28,0.00,0.00,0.00,0.00,0,0,0,0.00,0.00,0.00,0,1
4755.70,74.49,-0.41,1.34,-0.01,-0.03,-1.02,30.84,99.29,559.28,0.00,0.00,0.00,0.00,0,0,0,0.00,0.00,0.00,0,1
4755.71,74.49,-0.41,1.34,-0.01,-0.03,-1.02,30.84,99.29,559.28,0.00,0.00,0.00,0.00,0,0,0,0.00,0.00,0.00,0,1
4755.72,74.49,-0.41,1.34,-0.01,-0.03,-1.02,30.84,99.29,559.28,0.00,0.00,0.00,0.00,0,0,0,0.00,0.00,0.00,0,1
4755.73,74.49,-0.41,1.34,-0.01,-0.03,-1.02,30.84,99.29,559.28,0.00,0.00,0.00,0.00,0,0,0,0.00,0.00,0.00,0,1
4755.74,74.49,-0.41,1.34,-0.01,-0.03,-1.02,30.84,99.29,559.28,0.00,0.00,0.00,0.00,0,0,0,0.00,0.00,0.00,0,1
4755.75,74.49,-0.41,1.34,-0.01,-0.03,-1.02,30.84,99.29,559.28,0.00,0.00,0.00,0.00,0,0,0,0.00,0.00,0.00,0,1
4755.76,74.49,-0.41,1.34,-0.01,-0.03,-1.02,30.84,99.29,559.28,0.00,0.00,0.00,0.00,0,0,0,0.00,0.00,0.00,0,1
4755.77,74.49,-0.41,1.34,-0.01,-0.03,-1.02,30.84,99.29,559.28,0.00,0.00,0.00,0.00,0,0,0,0.00,0.00,0.00,0,1
4755.78,74.49,-0.41,1.34,-0.01,-0.03,-1.02,30.84,99.29,559.28,0.00,0.00,0.00,0.00,0,0,0,0.00,0.00,0.00,0,1
4755.79,74.49,-0.41,1.34,-0.01,-0.03,-1.02,30.84,99.29,559.28,0.00,0.00,0.00,0.00,0,0,0,0.00,0.00,0.00,0,1
4755.80,74.49,-0.41,1.34,-0.01,-0.03,-1.02,30.84,99.29,559.28,0.00,0.00,0.00,0.00,0,0,0,0.00,0.00,0.00,0,1
4755.81,74.49,-0.41,1.34,-0.01,-0.03,-1.02,30.84,99.29,559.28,0.00,0.00,0.00,0.00,0,0,0,0.00,0.00,0.00,0,1
4755.82,74.49,-0.41,1.34,-0.01,-0.03,-1.02,30.84,99.29,559.28,0.00,0.00,0.00,0.00,0,0,0,0.00,0.00,0.00,0,1
4755.83,74.49,-0.41,1.34,-0.01,-0.03,-1.02,30.84,99.29,559.28,0.00,0.00,0.00,0.00,0,0,0,0.00,0.00,0.00,0,1
4755.84,74.49,-0.41,1.34,-0.01,-0.03,-1.02,30.84,99.29,559.28,0.00,0.00,0.00,0.00,0,0,0,0.00,0.00,0.00,0,1
4755.85,74.49,-0.41,1.34,-0.01,-0.03,-1.02,30.84,99.29,559.28,0.00,0.00,0.00,0.00,0,0,0,0.00,0.00,0.00,0,1
4755.86,74.49,-0.41,1.34,-0.01,-0.03,-1.02,30.84,99.29,559.28,0.00,0.00,0.00,0.00,0,0,0,0.00,0.00,0.00,0,1
4755.87,74.49,-0.41,1.34,-0.01,-0.03,-1.02,30.84,99.29,559.28,0.00,0.00,0.00,0.00,0,0,0,0.00,0.00,0.00,0,1
4755.88,74.49,-0.41,1.34,-0.01,-0.03,-1.02,30.84,99.29,559.28,0.00,0.00,0.00,0.00,0,0,0,0.00,0.00,0.00,0,1
4755.89,74.49,-0.41,1.34,-0.01,-0.03,-1.02,30.84,99.29,559.28,0.00,0.00,0.00,0.00,0,0,0,0.00,0.00,0.00,0,1
4755.90,74.49,-0.41,1.34,-0.01,-0.03,-1.02,30.84,99.29,559.28,0.00,0.00,0.00,0.00,0,0,0,0.00,0.00,0.00,0,1
4755.91,74.49,-0.41,1.34,-0.01,-0.03,-1.02,30.84,99.29,559.28,0.00,0.00,0.00,0.00,0,0,0,0.00,0.00,0.00,0,1
4755.92,74.49,-0.41,1.34,-0.01,-0.03,-1.02,30.84,99.29,559.28,0.00,0.00,0.00,0.00,0,0,0,0.00,0.00,0.00,0,1
4755.93,74.49,-0.41,1.34,-0.01,-0.03,-1.02,30.84,99.29,559.28,0.00,0.00,0.00,0.00,0,0,0,0.00,0.00,0.00,0,1
4755.94,74.49,-0.41,1.34,-0.01,-0.03,-1.02,30.84,99.29,559.28,0.00,0.00,0.00,0.00,0,0,0,0.00,0.00,0.00,0,1
4755.95,74.49,-0.41,1.34,-0.01,-0.03,-1.02,30.84,99.29,559.28,0.00,0.00,0.00,0.00,0,0,0,0.00,0.00,0.00,0,1
4755.96,74.49,-0.41,1.34,-0.01,-0.03,-1.02,30.84,99.29,559.28,0.00,0.00,0.00,0.00,0,0,0,0.00,0.00,0.00,0,1
4755.97,74.49,-0.41,1.34,-0.01,-0.03,-1.02,30.84,99.29,559.28,0.00,0.00,0.00,0.00,0,0,0,0.00,0.00,0.00,0,1
4755.98,74.49,-0.41,1.34,-0.01,-0.03,-1.02,30.84,99.29,559.28,0.00,0.00,0.00,0.00,0,0,0,0.00,0.00,0.00,0,1
4755.99,74.49,-0.41,1.34,-0.01,-0.03,-1.02,30.84,99.29,559.28,0.00,0.00,0.00,0.00,0,0,0,0.00,0.00,0.00,0,1
4756.00,74.49,-0.41,1.34,-0.01,-0.03,-1.02,30.84,99.29,559.28,0.00,0.00,0.00,0.00,0,0,0,0.00,0.00,0.00,0,1
4756.01,74.49,-0.41,1.34,-0.01,-0.03,-1.02,30.84,99.29,559.28,0.00,0.00,0.00,0.00,0,0,0,0.00,0.00,0.00,0,1
4756.02,74.49,-0.41,1.34,-0.01,-0.03,-1.02,30.84,99.29,559.28,0.00,0.00,0.00,0.00,0,0,0,0.00,0.00,0.00,0,1
4756.03,74.49,-0.41,1.34,-0.01,-0.03,-1.02,30.84,99.29,559.28,0.00,0.00,0.00,0.00,0,0,0,0.00,0.00,0.00,0,1
4756.04,74.49,-0.41,1.34,-0.01,-0.03,-1.02,30.84,99.29,559.28,0.00,0.00,0.00,0.00,0,0,0,0.00,0.00,0.00,0,1
4756.05,74.49,-0.41,1.34,-0.01,-0.03,-1.02,30.84,99.29,559.28,0.00,0.00,0.00,0.00,0,0,0,0.00,0.00,0.00,0,1
4756.06,74.49,-0.41,1.34,-0.01,-0.03,-1.02,30.84,99.29,559.28,0.00,0.00,0.00,0.00,0,0,0,0.00,0.00,0.00,0,1
4756.07,74.49,-0.41,1.34,-0.01,-0.03,-1.02,30.84,99.29,559.28,0.00,0.00,0.00,0.00,0,0,0,0.00,0.00,0.00,0,1
4756.08,74.49,-0.41,1.34,-0.01,-0.03,-1.02,30.84,99.29,559.28,0.00,0.00,0.00,0.00,0,0,0,0.00,0.00,0.00,0,1
4756.09,74.49,-0.41,1.34,-0.01,-0.03,-1.02,30.84,99.29,559.28,0.00,0.00,0.00,0.00,0,0,0,0.00,0.00,0.00,0,1
4756.10,74.49,-0.41,1.34,-0.01,-0.03,-1.02,30.84,99.29,559.28,0.00,0.00,0.00,0.00,0,0,0,0.00,0.00,0.00,0,1
4756.11,74.49,-0.41,1.34,-0.01,-0.03,-1.02,30.84,99.29,559.28,0.00,0.00,0.00,0.00,0,0,0,0.00,0.00,0.00,0,1
4756.12,74.49,-0.41,1.34,-0.01,-0.03,-1.02,30.84,99.29,559.28,0.00,0.00,0.00,0.00,0,0,0,0.00,0.00,0.00,0,1
4756.13,74.49,-0.41,1.34,-0.01,-0.03,-1.02,30.84,99.29,559.28,0.00,0.00,0.00,0.00,0,0,0,0.00,0.00,0.00,0,1
4756.14,74.49,-0.41,1.34,-0.01,-0.03,-1.02,30.84,99.29,559.28,0.00,0.00,0.00,0.00,0,0,0,0.00,0.00,0.00,0,1
4756.15,74.49,-0.41,1.34,-0.01,-0.03,-1.02,30.84,99.29,559.28,0.00,0.00,0.00,0.00,0,0,0,0.00,0.00,0.00,0,1
4756.16,74.49,-0.41,1.34,-0.01,-0.03,-1.02,30.84,99.29,559.28,0.00,0.00,0.00,0.00,0,0,0,0.00,0.00,0.00,0,1
4756.17,74.49,-0.41,1.34,-0.01,-0.03,-1.02,30.84,99.29,559.28,0.00,0.00,0.00,0.00,0,0,0,0.00,0.00,0.00,0,1
4756.18,74.49,-0.41,1.34,-0.01,-0.03,-1.02,30.84,99.29,559.28,0.00,0.00,0.00,0.00,0,0,0,0.00,0.00,0.00,0,1
4756.19,74.49,-0.41,1.34,-0.01,-0.03,-1.02,30.84,99.29,559.28,0.00,0.00,0.00,0.00,0,0,0,0.00,0.00,0.00,0,1
4756.20,74.49,-0.41,1.34,-0.01,-0.03,-1.02,30.84,99.29,559.28,0.00,0.00,0.00,0.00,0,0,0,0.00,0.00,0.00,0,1
4756.21,74.49,-0.41,1.34,-0.01,-0.03,-1.02,30.84,99.29,559.28,0.00,0.00,0.00,0.00,0,0,0,0.00,0.00,0.00,0,1
4756.22,74.49,-0.41,1.34,-0.01,-0.03,-1.02,30.84,99.29,559.28,0.00,0.00,0.00,0.00,0,0,0,0.00,0.00,0.00,0,1
4756.23,74.49,-0.41,1.34,-0.01,-0.03,-1.02,30.84,99.29,559.28,0.00,0.00,0.00,0.00,0,0,0,0.00,0.00,0.00,0,1
4756.24,74.49,-0.41,1.34,-0.01,-0.03,-1.02,30.84,99.29,559.28,0.00,0.00,0.00,0.00,0,0,0,0.00,0.00,0.00,0,1
4756.25,74.49,-0.41,1.34,-0.01,-0.03,-1.02,30.84,99.29,559.28,0.00,0.00,0.00,0.00,0,0,0,0.00,0.00,0.00,0,1
4756.26,74.49,-0.41,1.34,-0.01,-0.03,-1.02,30.84,99.29,559.28,0.00,0.00,0.00,0.00,0,0,0,0.00,0.00,0.00,0,1
4756.27,74.49,-0.41,1.34,-0.01,-0.03,-1.02,30.84,99.29,559.28,0.00,0.00,0.00,0.00,0,0,0,0.00,0.00,0.00,0,1
4756.28,74.49,-0.41,1.34,-0.01,-0.03,-1.02,30.84,99.29,559.28,0.00,0.00,0.00,0.00,0,0,0,0.00,0.00,0.00,0,1
4756.29,74.49,-0.41,1.34,-0.01,-0.03,-1.02,30.84,99.29,559.28,0.00,0.00,0.00,0.00,0,0,0,0.00,0.00,0.00,0,1
4756.30,74.49,-0.41,1.34,-0.01,-0.03,-1.01,30.84,99.30,557.34,0.00,0.00,0.00,0.00,0,0,0,0.00,0.00,0.00,0,1
4756.31,74.49,-0.41,1.34,-0.01,-0.03,-1.02,30.83,99.30,556.22,0.00,0.00,0.00,0.00,0,0,0,0.00,0.00,0.00,0,1
4756.32,74.49,-0.41,1.35,-0.01,-0.03,-1.01,30.83,99.30,557.34,0.00,0.00,0.00,0.00,0,0,0,0.00,0.00,0.00,0,1
4756.33,74.49,-0.41,1.35,-0.01,-0.03,-1.02,30.83,99.30,557.34,0.00,0.00,0.00,0.00,0,0,0,0.00,0.00,0.00,0,1
4756.34,74.49,-0.41,1.35,-0.01,-0.03,-1.02,30.83,99.30,557.34,0.00,0.00,0.00,0.00,0,0,0,0.00,0.00,0.00,0,1
4756.35,74.49,-0.41,1.35,-0.01,-0.03,-1.02,30.83,99.30,557.34,0.00,0.00,0.00,0.00,0,0,0,0.00,0.00,0.00,0,1
4756.36,74.49,-0.41,1.35,-0.01,-0.03,-1.02,30.83,99.30,557.34,0.00,0.00,0.00,0.00,0,0,0,0.00,0.00,0.00,0,1
4756.37,74.49,-0.41,1.35,-0.01,-0.03,-1.02,30.83,99.30,557.34,0.00,0.00,0.00,0.00,0,0,0,0.00,0.00,0.00,0,1
4756.38,74.49,-0.41,1.35,-0.01,-0.03,-1.02,30.83,99.30,557.34,0.00,0.00,0.00,0.00,0,0,0,0.00,0.00,0.00,0,1
4756.39,74.49,-0.41,1.35,-0.01,-0.03,-1.02,30.83,99.30,557.34,0.00,0.00,0.00,0.00,0,0,0,0.00,0.00,0.00,0,1
4756.40,74.49,-0.41,1.35,-0.01,-0.03,-1.02,30.83,99.30,557.34,0.00,0.00,0.00,0.00,0,0,0,0.00,0.00,0.00,0,1
4756.41,74.49,-0.41,1.35,-0.01,-0.03,-1.02,30.83,99.30,557.34,0.00,0.00,0.00,0.00,0,0,0,0.00,0.00,0.00,0,1
4756.42,74.49,-0.41,1.35,-0.01,-0.03,-1.02,30.83,99.30,557.34,0.00,0.00,0.00,0.00,0,0,0,0.00,0.00,0.00,0,1
4756.43,74.49,-0.41,1.35,-0.01,-0.03,-1.02,30.83,99.30,557.34,0.00,0.00,0.00,0.00,0,0,0,0.00,0.00,0.00,0,1
4756.44,74.49,-0.41,1.35,-0.01,-0.03,-1.02,30.83,99.30,557.34,0.00,0.00,0.00,0.00,0,0,0,0.00,0.00,0.00,0,1
4756.45,74.49,-0.41,1.35,-0.01,-0.03,-1.02,30.83,99.30,557.34,0.00,0.00,0.00,0.00,0,0,0,0.00,0.00,0.00,0,1
4756.46,74.49,-0.41,1.35,-0.01,-0.03,-1.02,30.83,99.30,557.34,0.00,0.00,0.00,0.00,0,0,0,0.00,0.00,0.00,0,1
4756.47,74.49,-0.41,1.35,-0.01,-0.03,-1.02,30.83,99.30,557.34,0.00,0.00,0.00,0.00,0,0,0,0.00,0.00,0.00,0,1
4756.48,74.49,-0.41,1.35,-0.01,-0.03,-1.02,30.83,99.30,557.34,0.00,0.00,0.00,0.00,0,0,0,0.00,0.00,0.00,0,1
4756.49,74.49,-0.41,1.35,-0.01,-0.03,-1.02,30.83,99.30,557.34,0.00,0.00,0.00,0.00,0,0,0,0.00,0.00,0.00,0,1
4756.50,74.49,-0.41,1.35,-0.01,-0.03,-1.02,30.83,99.30,557.34,0.00,0.00,0.00,0.00,0,0,0,0.00,0.00,0.00,0,1
4756.51,74.49,-0.41,1.35,-0.01,-0.03,-1.02,30.83,99.30,557.34,0.00,0.00,0.00,0.00,0,0,0,0.00,0.00,0.00,0,1
4756.52,74.49,-0.41,1.35,-0.01,-0.03,-1.02,30.83,99.30,557.34,0.00,0.00,0.00,0.00,0,0,0,0.00,0.00,0.00,0,1
4756.53,74.49,-0.41,1.35,-0.01,-0.03,-1.02,30.83,99.30,557.34,0.00,0.00,0.00,0.00,0,0,0,0.00,0.00,0.00,0,1
4756.54,74.49,-0.41,1.35,-0.01,-0.03,-1.02,30.83,99.30,557.34,0.00,0.00,0.00,0.00,0,0,0,0.00,0.00,0.00,0,1
4756.55,74.49,-0.41,1.35,-0.01,-0.03,-1.02,30.83,99.30,557.34,0.00,0.00,0.00,0.00,0,0,0,0.00,0.00,0.00,0,1
4756.56,74.49,-0.41,1.35,-0.01,-0.03,-1.02,30.83,99.30,557.34,0.00,0.00,0.00,0.00,0,0,0,0.00,0.00,0.00,0,1
4756.57,74.49,-0.41,1.35,-0.01,-0.03,-1.02,30.83,99.30,557.34,0.00,0.00,0.00,0.00,0,0,0,0.00,0.00,0.00,0,1
4756.58,74.49,-0.41,1.35,-0.01,-0.03,-1.02,30.83,99.30,557.34,0.00,0.00,0.00,0.00,0,0,0,0.00,0.00,0.00,0,1
4756.59,74.49,-0.41,1.35,-0.01,-0.03,-1.02,30.83,99.30,557.34,0.00,0.00,0.00,0.00,0,0,0,0.00,0.00,0.00,0,1
4756.60,74.49,-0.41,1.35,-0.01,-0.03,-1.02,30.83,99.30,557.34,0.00,0.00,0.00,0.00,0,0,0,0.00,0.00,0.00,0,1
4756.61,74.49,-0.41,1.35,-0.01,-0.03,-1.02,30.83,99.30,557.34,0.00,0.00,0.00,0.00,0,0,0,0.00,0.00,0.00,0,1
4756.62,74.49,-0.41,1.35,-0.01,-0.03,-1.02,30.83,99.30,557.34,0.00,0.00,0.00,0.00,0,0,0,0.00,0.00,0.00,0,1
4756.63,74.49,-0.41,1.35,-0.01,-0.03,-1.02,30.83,99.30,557.34,0.00,0.00,0.00,0.00,0,0,0,0.00,0.00,0.00,0,1
4756.64,74.49,-0.41,1.35,-0.01,-0.03,-1.02,30.83,99.30,557.34,0.00,0.00,0.00,0.00,0,0,0,0.00,0.00,0.00,0,1
4756.65,74.49,-0.41,1.35,-0.01,-0.03,-1.02,30.83,99.30,557.34,0.00,0.00,0.00,0.00,0,0,0,0.00,0.00,0.00,0,1
4756.66,74.49,-0.41,1.35,-0.01,-0.03,-1.02,30.83,99.30,557.34,0.00,0.00,0.00,0.00,0,0,0,0.00,0.00,0.00,0,1
4756.67,74.49,-0.41,1.35,-0.01,-0.03,-1.02,30.83,99.30,557.34,0.00,0.00,0.00,0.00,0,0,0,0.00,0.00,0.00,0,1
4756.68,74.49,-0.41,1.35,-0.01,-0.03,-1.02,30.83,99.30,557.34,0.00,0.00,0.00,0.00,0,0,0,0.00,0.00,0.00,0,1
4756.69,74.49,-0.41,1.35,-0.01,-0.03,-1.02,30.83,99.30,557.34,0.00,0.00,0.00,0.00,0,0,0,0.00,0.00,0.00,0,1
4756.70,74.49,-0.41,1.35,-0.01,-0.03,-1.02,30.83,99.30,557.34,0.00,0.00,0.00,0.00,0,0,0,0.00,0.00,0.00,0,1
4756.71,74.49,-0.41,1.35,-0.01,-0.03,-1.02,30.83,99.30,557.34,0.00,0.00,0.00,0.00,0,0,0,0.00,0.00,0.00,0,1
4756.72,74.49,-0.41,1.35,-0.01,-0.03,-1.02,30.83,99.30,557.34,0.00,0.00,0.00,0.00,0,0,0,0.00,0.00,0.00,0,1
4756.73,74.49,-0.41,1.35,-0.01,-0.03,-1.02,30.83,99.30,557.34,0.00,0.00,0.00,0.00,0,0,0,0.00,0.00,0.00,0,1
4756.74,74.49,-0.41,1.35,-0.01,-0.03,-1.02,30.83,99.30,557.34,0.00,0.00,0.00,0.00,0,0,0,0.00,0.00,0.00,0,1
4756.75,74.49,-0.41,1.35,-0.01,-0.03,-1.02,30.83,99.30,557.34,0.00,0.00,0.00,0.00,0,0,0,0.00,0.00,0.00,0,1
4756.76,74.49,-0.41,1.35,-0.01,-0.03,-1.02,30.83,99.30,557.34,0.00,0.00,0.00,0.00,0,0,0,0.00,0.00,0.00,0,1
4756.77,74.49,-0.41,1.35,-0.01,-0.03,-1.02,30.83,99.30,557.34,0.00,0.00,0.00,0.00,0,0,0,0.00,0.00,0.00,0,1
4756.78,74.49,-0.41,1.35,-0.01,-0.03,-1.02,30.83,99.30,557.34,0.00,0.00,0.00,0.00,0,0,0,0.00,0.00,0.00,0,1
4756.79,74.49,-0.41,1.35,-0.01,-0.03,-1.02,30.83,99.30,557.34,0.00,0.00,0.00,0.00,0,0,0,0.00,0.00,0.00,0,1
4756.80,74.49,-0.41,1.35,-0.01,-0.03,-1.02,30.83,99.30,557.34,0.00,0.00,0.00,0.00,0,0,0,0.00,0.00,0.00,0,1
4756.81,74.49,-0.41,1.35,-0.01,-0.03,-1.02,30.83,99.30,557.34,0.00,0.00,0.00,0.00,0,0,0,0.00,0.00,0.00,0,1
4756.82,74.49,-0.41,1.35,-0.01,-0.03,-1.02,30.83,99.30,557.34,0.00,0.00,0.00,0.00,0,0,0,0.00,0.00,0.00,0,1
4756.83,74.49,-0.41,1.35,-0.01,-0.03,-1.02,30.83,99.30,557.34,0.00,0.00,0.00,0.00,0,0,0,0.00,0.00,0.00,0,1
4756.84,74.49,-0.41,1.35,-0.01,-0.03,-1.02,30.83,99.30,557.34,0.00,0.00,0.00,0.00,0,0,0,0.00,0.00,0.00,0,1
4756.85,74.49,-0.41,1.35,-0.01,-0.03,-1.02,30.83,99.30,557.34,0.00,0.00,0.00,0.00,0,0,0,0.00,0.00,0.00,0,1
4756.86,74.49,-0.41,1.35,-0.01,-0.03,-1.02,30.83,99.30,557.34,0.00,0.00,0.00,0.00,0,0,0,0.00,0.00,0.00,0,1
4756.87,74.49,-0.41,1.35,-0.01,-0.03,-1.02,30.83,99.30,557.34,0.00,0.00,0.00,0.00,0,0,0,0.00,0.00,0.00,0,1
4756.88,74.49,-0.41,1.35,-0.01,-0.03,-1.02,30.83,99.30,557.34,0.00,0.00,0.00,0.00,0,0,0,0.00,0.00,0.00,0,1
4756.89,74.49,-0.41,1.35,-0.01,-0.03,-1.02,30.83,99.30,557.34,0.00,0.00,0.00,0.00,0,0,0,0.00,0.00,0.00,0,1
4756.90,74.49,-0.41,1.35,-0.01,-0.03,-1.02,30.83,99.30,557.34,0.00,0.00,0.00,0.00,0,0,0,0.00,0.00,0.00,0,1
4756.91,74.49,-0.41,1.35,-0.01,-0.03,-1.02,30.83,99.30,557.34,0.00,0.00,0.00,0.00,0,0,0,0.00,0.00,0.00,0,1
4756.92,74.49,-0.41,1.35,-0.01,-0.03,-1.02,30.83,99.30,557.34,0.00,0.00,0.00,0.00,0,0,0,0.00,0.00,0.00,0,1
4756.93,74.49,-0.41,1.35,-0.01,-0.03,-1.02,30.83,99.30,557.34,0.00,0.00,0.00,0.00,0,0,0,0.00,0.00,0.00,0,1
4756.94,74.49,-0.41,1.35,-0.01,-0.03,-1.02,30.83,99.30,557.34,0.00,0.00,0.00,0.00,0,0,0,0.00,0.00,0.00,0,1
4756.95,74.49,-0.41,1.35,-0.01,-0.03,-1.02,30.83,99.30,557.34,0.00,0.00,0.00,0.00,0,0,0,0.00,0.00,0.00,0,1
4756.96,74.49,-0.41,1.35,-0.01,-0.03,-1.02,30.83,99.30,557.34,0.00,0.00,0.00,0.00,0,0,0,0.00,0.00,0.00,0,1
4756.97,74.49,-0.41,1.35,-0.01,-0.03,-1.02,30.83,99.30,557.34,0.00,0.00,0.00,0.00,0,0,0,0.00,0.00,0.00,0,1
4756.98,74.49,-0.41,1.35,-0.01,-0.03,-1.02,30.83,99.30,557.34,0.00,0.00,0.00,0.00,0,0,0,0.00,0.00,0.00,0,1
4756.99,74.49,-0.41,1.35,-0.01,-0.03,-1.02,30.83,99.30,557.34,0.00,0.00,0.00,0.00,0,0,0,0.00,0.00,0.00,0,1
4757.00,74.49,-0.41,1.35,-0.01,-0.03,-1.02,30.83,99.30,557.34,0.00,0.00,0.00,0.00,0,0,0,0.00,0.00,0.00,0,1
4757.01,74.49,-0.41,1.35,-0.01,-0.03,-1.02,30.83,99.30,557.34,0.00,0.00,0.00,0.00,0,0,0,0.00,0.00,0.00,0,1
4757.02,74.49,-0.41,1.35,-0.01,-0.03,-1.02,30.83,99.30,557.34,0.00,0.00,0.00,0.00,0,0,0,0.00,0.00,0.00,0,1
4757.03,74.49,-0.41,1.35,-0.01,-0.03,-1.02,30.83,99.30,557.34,0.00,0.00,0.00,0.00,0,0,0,0.00,0.00,0.00,0,1
4757.04,74.49,-0.41,1.35,-0.01,-0.03,-1.02,30.83,99.30,557.34,0.00,0.00,0.00,0.00,0,0,0,0.00,0.00,0.00,0,1
4757.05,74.49,-0.41,1.35,-0.01,-0.03,-1.02,30.83,99.30,557.34,0.00,0.00,0.00,0.00,0,0,0,0.00,0.00,0.00,0,1
4757.06,74.49,-0.41,1.35,-0.01,-0.03,-1.02,30.83,99.30,557.34,0.00,0.00,0.00,0.00,0,0,0,0.00,0.00,0.00,0,1
4757.07,74.49,-0.41,1.35,-0.01,-0.03,-1.02,30.83,99.30,557.34,0.00,0.00,0.00,0.00,0,0,0,0.00,0.00,0.00,0,1
4757.08,74.49,-0.41,1.35,-0.01,-0.03,-1.02,30.83,99.30,557.34,0.00,0.00,0.00,0.00,0,0,0,0.00,0.00,0.00,0,1
4757.09,74.49,-0.41,1.35,-0.01,-0.03,-1.02,30.83,99.30,557.34,0.00,0.00,0.00,0.00,0,0,0,0.00,0.00,0.00,0,1
4757.10,74.49,-0.41,1.35,-0.01,-0.03,-1.02,30.83,99.30,557.34,0.00,0.00,0.00,0.00,0,0,0,0.00,0.00,0.00,0,1
4757.11,74.49,-0.41,1.35,-0.01,-0.03,-1.02,30.83,99.30,557.34,0.00,0.00,0.00,0.00,0,0,0,0.00,0.00,0.00,0,1
4757.12,74.49,-0.41,1.35,-0.01,-0.03,-1.02,30.83,99.30,557.34,0.00,0.00,0.00,0.00,0,0,0,0.00,0.00,0.00,0,1
4757.13,74.49,-0.41,1.35,-0.01,-0.03,-1.02,30.83,99.30,557.34,0.00,0.00,0.00,0.00,0,0,0,0.00,0.00,0.00,0,1
4757.14,74.49,-0.41,1.35,-0.01,-0.03,-1.02,30.83,99.30,557.34,0.00,0.00,0.00,0.00,0,0,0,0.00,0.00,0.00,0,1
4757.15,74.49,-0.41,1.35,-0.01,-0.03,-1.02,30.83,99.30,557.34,0.00,0.00,0.00,0.00,0,0,0,0.00,0.00,0.00,0,1
4757.16,74.49,-0.41,1.35,-0.01,-0.03,-1.02,30.83,99.30,557.34,0.00,0.00,0.00,0.00,0,0,0,0.00,0.00,0.00,0,1
4757.17,74.49,-0.41,1.35,-0.01,-0.03,-1.02,30.83,99.30,557.34,0.00,0.00,0.00,0.00,0,0,0,0.00,0.00,0.00,0,1
4757.18,74.49,-0.41,1.35,-0.01,-0.03,-1.02,30.83,99.30,557.34,0.00,0.00,0.00,0.00,0,0,0,0.00,0.00,0.00,0,1
4757.19,74.49,-0.41,1.35,-0.01,-0.03,-1.02,30.83,99.30,557.34,0.00,0.00,0.00,0.00,0,0,0,0.00,0.00,0.00,0,1
4757.20,74.49,-0.41,1.35,-0.01,-0.03,-1.02,30.83,99.30,557.34,0.00,0.00,0.00,0.00,0,0,0,0.00,0.00,0.00,0,1
4757.21,74.49,-0.41,1.35,-0.01,-0.03,-1.02,30.83,99.30,557.34,0.00,0.00,0.00,0.00,0,0,0,0.00,0.00,0.00,0,1
4757.22,74.49,-0.41,1.35,-0.01,-0.03,-1.02,30.83,99.30,557.34,0.00,0.00,0.00,0.00,0,0,0,0.00,0.00,0.00,0,1
4757.23,74.49,-0.41,1.35,-0.01,-0.03,-1.02,30.83,99.30,557.34,0.00,0.00,0.00,0.00,0,0,0,0.00,0.00,0.00,0,1
4757.24,74.49,-0.41,1.35,-0.01,-0.03,-1.02,30.83,99.30,557.34,0.00,0.00,0.00,0.00,0,0,0,0.00,0.00,0.00,0,1
4757.25,74.49,-0.41,1.35,-0.01,-0.03,-1.02,30.83,99.30,557.34,0.00,0.00,0.00,0.00,0,0,0,0.00,0.00,0.00,0,1
4757.26,74.49,-0.41,1.35,-0.01,-0.03,-1.02,30.83,99.30,557.34,0.00,0.00,0.00,0.00,0,0,0,0.00,0.00,0.00,0,1
4757.27,74.49,-0.41,1.35,-0.01,-0.03,-1.02,30.83,99.30,557.34,0.00,0.00,0.00,0.00,0,0,0,0.00,0.00,0.00,0,1
4757.28,74.49,-0.41,1.35,-0.01,-0.03,-1.02,30.83,99.30,557.34,0.00,0.00,0.00,0.00,0,0,0,0.00,0.00,0.00,0,1
4757.29,74.49,-0.41,1.35,-0.01,-0.03,-1.02,30.83,99.30,557.34,0.00,0.00,0.00,0.00,0,0,0,0.00,0.00,0.00,0,1
4757.30,74.49,-0.41,1.35,-0.01,-0.03,-1.02,30.83,99.30,557.34,0.00,0.00,0.00,0.00,0,0,0,0.00,0.00,0.00,0,1
4757.31,74.49,-0.41,1.35,-0.01,-0.03,-1.02,30.83,99.30,557.34,0.00,0.00,0.00,0.00,0,0,0,0.00,0.00,0.00,0,1
4757.32,74.49,-0.41,1.35,-0.01,-0.03,-1.02,30.83,99.30,557.34,0.00,0.00,0.00,0.00,0,0,0,0.00,0.00,0.00,0,1
4757.33,74.49,-0.41,1.35,-0.01,-0.03,-1.02,30.83,99.30,557.34,0.00,0.00,0.00,0.00,0,0,0,0.00,0.00,0.00,0,1
4757.34,74.49,-0.41,1.35,-0.01,-0.03,-1.02,30.83,99.30,557.34,0.00,0.00,0.00,0.00,0,0,0,0.00,0.00,0.00,0,1
4757.35,74.49,-0.41,1.35,-0.01,-0.03,-1.02,30.83,99.30,557.34,0.00,0.00,0.00,0.00,0,0,0,0.00,0.00,0.00,0,1
4757.36,74.49,-0.41,1.35,-0.01,-0.03,-1.02,30.83,99.30,557.34,0.00,0.00,0.00,0.00,0,0,0,0.00,0.00,0.00,0,1
4757.37,74.49,-0.41,1.35,-0.01,-0.03,-1.02,30.83,99.30,557.34,0.00,0.00,0.00,0.00,0,0,0,0.00,0.00,0.00,0,1
4757.38,74.49,-0.41,1.35,-0.01,-0.03,-1.02,30.83,99.30,557.34,0.00,0.00,0.00,0.00,0,0,0,0.00,0.00,0.00,0,1
4757.39,74.49,-0.41,1.35,-0.01,-0.03,-1.02,30.83,99.30,557.34,0.00,0.00,0.00,0.00,0,0,0,0.00,0.00,0.00,0,1
4757.40,74.49,-0.41,1.35,-0.01,-0.03,-1.02,30.83,99.30,557.34,0.00,0.00,0.00,0.00,0,0,0,0.00,0.00,0.00,0,1
4757.41,74.49,-0.41,1.35,-0.01,-0.03,-1.02,30.83,99.30,557.34,0.00,0.00,0.00,0.00,0,0,0,0.00,0.00,0.00,0,1
4757.42,74.49,-0.41,1.35,-0.01,-0.03,-1.02,30.83,99.30,557.34,0.00,0.00,0.00,0.00,0,0,0,0.00,0.00,0.00,0,1
4757.43,74.49,-0.41,1.35,-0.01,-0.03,-1.02,30.83,99.30,557.34,0.00,0.00,0.00,0.00,0,0,0,0.00,0.00,0.00,0,1
4757.44,74.49,-0.41,1.35,-0.01,-0.03,-1.02,30.83,99.30,557.34,0.00,0.00,0.00,0.00,0,0,0,0.00,0.00,0.00,0,1
4757.45,74.49,-0.41,1.35,-0.01,-0.03,-1.02,30.83,99.30,557.34,0.00,0.00,0.00,0.00,0,0,0,0.00,0.00,0.00,0,1
4757.46,74.49,-0.41,1.35,-0.01,-0.03,-1.02,30.83,99.30,557.34,0.00,0.00,0.00,0.00,0,0,0,0.00,0.00,0.00,0,1
4757.47,74.49,-0.41,1.35,-0.01,-0.03,-1.02,30.83,99.30,557.34,0.00,0.00,0.00,0.00,0,0,0,0.00,0.00,0.00,0,1
4757.48,74.49,-0.41,1.35,-0.01,-0.03,-1.02,30.83,99.30,557.34,0.00,0.00,0.00,0.00,0,0,0,0.00,0.00,0.00,0,1
4757.49,74.49,-0.41,1.35,-0.01,-0.03,-1.02,30.83,99.30,557.34,0.00,0.00,0.00,0.00,0,0,0,0.00,0.00,0.00,0,1
4757.50,74.49,-0.41,1.35,-0.01,-0.03,-1.02,30.83,99.30,557.34,0.00,0.00,0.00,0.00,0,0,0,0.00,0.00,0.00,0,1
4757.51,74.49,-0.41,1.35,-0.01,-0.03,-1.02,30.83,99.30,557.34,0.00,0.00,0.00,0.00,0,0,0,0.00,0.00,0.00,0,1
4757.52,74.49,-0.41,1.35,-0.01,-0.03,-1.02,30.83,99.30,557.34,0.00,0.00,0.00,0.00,0,0,0,0.00,0.00,0.00,0,1
4757.53,74.49,-0.41,1.35,-0.01,-0.03,-1.02,30.83,99.30,557.34,0.00,0.00,0.00,0.00,0,0,0,0.00,0.00,0.00,0,1
4757.54,74.49,-0.41,1.35,-0.01,-0.03,-1.02,30.83,99.30,557.34,0.00,0.00,0.00,0.00,0,0,0,0.00,0.00,0.00,0,1
4757.55,74.49,-0.41,1.35,-0.01,-0.03,-1.02,30.83,99.30,557.34,0.00,0.00,0.00,0.00,0,0,0,0.00,0.00,0.00,0,1
4757.56,74.49,-0.41,1.35,-0.01,-0.03,-1.02,30.84,99.30,556.22,0.00,0.00,0.00,0.00,0,0,0,0.00,0.00,0.00,0,1
4757.57,74.49,-0.41,1.35,-0.01,-0.03,-1.02,30.84,99.30,557.34,0.00,0.00,0.00,0.00,0,0,0,0.00,0.00,0.00,0,1
4757.58,74.49,-0.41,1.35,-0.01,-0.03,-1.02,30.84,99.30,556.22,0.00,0.00,0.00,0.00,0,0,0,0.00,0.00,0.00,0,1
4757.59,74.49,-0.41,1.35,-0.01,-0.03,-1.02,30.83,99.30,557.34,0.00,0.00,0.00,0.00,0,0,0,0.00,0.00,0.00,0,1
4757.60,74.49,-0.41,1.35,-0.01,-0.03,-1.02,30.83,99.30,557.34,0.00,0.00,0.00,0.00,0,0,0,0.00,0.00,0.00,0,1
4757.61,74.49,-0.41,1.35,-0.01,-0.03,-1.02,30.83,99.30,557.34,0.00,0.00,0.00,0.00,0,0,0,0.00,0.00,0.00,0,1
4757.62,74.49,-0.41,1.35,-0.01,-0.03,-1.02,30.83,99.30,557.34,0.00,0.00,0.00,0.00,0,0,0,0.00,0.00,0.00,0,1
4757.63,74.49,-0.41,1.35,-0.01,-0.03,-1.02,30.83,99.30,557.34,0.00,0.00,0.00,0.00,0,0,0,0.00,0.00,0.00,0,1
4757.64,74.49,-0.41,1.35,-0.01,-0.03,-1.02,30.83,99.30,557.34,0.00,0.00,0.00,0.00,0,0,0,0.00,0.00,0.00,0,1
4757.65,74.49,-0.41,1.35,-0.01,-0.03,-1.02,30.83,99.30,557.34,0.00,0.00,0.00,0.00,0,0,0,0.00,0.00,0.00,0,1
4757.66,74.49,-0.41,1.35,-0.01,-0.03,-1.02,30.83,99.30,557.34,0.00,0.00,0.00,0.00,0,0,0,0.00,0.00,0.00,0,1
4757.67,74.49,-0.41,1.35,-0.01,-0.03,-1.02,30.83,99.30,557.34,0.00,0.00,0.00,0.00,0,0,0,0.00,0.00,0.00,0,1
4757.68,74.49,-0.41,1.35,-0.01,-0.03,-1.02,30.83,99.30,557.34,0.00,0.00,0.00,0.00,0,0,0,0.00,0.00,0.00,0,1
4757.69,74.49,-0.41,1.35,-0.01,-0.03,-1.02,30.83,99.30,557.34,0.00,0.00,0.00,0.00,0,0,0,0.00,0.00,0.00,0,1
4757.70,74.49,-0.41,1.35,-0.01,-0.03,-1.02,30.83,99.30,557.34,0.00,0.00,0.00,0.00,0,0,0,0.00,0.00,0.00,0,1
4757.71,74.49,-0.41,1.35,-0.01,-0.03,-1.02,30.83,99.30,557.34,0.00,0.00,0.00,0.00,0,0,0,0.00,0.00,0.00,0,1
4757.72,74.49,-0.41,1.35,-0.01,-0.03,-1.02,30.83,99.30,557.34,0.00,0.00,0.00,0.00,0,0,0,0.00,0.00,0.00,0,1
4757.73,74.49,-0.41,1.35,-0.01,-0.03,-1.02,30.83,99.30,557.34,0.00,0.00,0.00,0.00,0,0,0,0.00,0.00,0.00,0,1
4757.74,74.49,-0.41,1.35,-0.01,-0.03,-1.02,30.83,99.30,557.34,0.00,0.00,0.00,0.00,0,0,0,0.00,0.00,0.00,0,1
4757.75,74.49,-0.41,1.35,-0.01,-0.03,-1.02,30.83,99.30,557.34,0.00,0.00,0.00,0.00,0,0,0,0.00,0.00,0.00,0,1
4757.76,74.49,-0.41,1.35,-0.01,-0.03,-1.02,30.83,99.30,557.34,0.00,0.00,0.00,0.00,0,0,0,0.00,0.00,0.00,0,1
4757.77,74.49,-0.41,1.35,-0.01,-0.03,-1.02,30.83,99.30,557.34,0.00,0.00,0.00,0.00,0,0,0,0.00,0.00,0.00,0,1
4757.78,74.49,-0.41,1.35,-0.01,-0.03,-1.02,30.83,99.30,557.34,0.00,0.00,0.00,0.00,0,0,0,0.00,0.00,0.00,0,1
4757.79,74.49,-0.41,1.35,-0.01,-0.03,-1.02,30.83,99.30,557.34,0.00,0.00,0.00,0.00,0,0,0,0.00,0.00,0.00,0,1
4757.80,74.49,-0.41,1.35,-0.01,-0.03,-1.02,30.83,99.30,557.34,0.00,0.00,0.00,0.00,0,0,0,0.00,0.00,0.00,0,1
4757.81,74.49,-0.41,1.35,-0.01,-0.03,-1.02,30.83,99.30,557.34,0.00,0.00,0.00,0.00,0,0,0,0.00,0.00,0.00,0,1
4757.82,74.49,-0.41,1.35,-0.01,-0.03,-1.02,30.83,99.30,557.34,0.00,0.00,0.00,0.00,0,0,0,0.00,0.00,0.00,0,1
4757.83,74.49,-0.41,1.35,-0.01,-0.03,-1.02,30.83,99.30,557.34,0.00,0.00,0.00,0.00,0,0,0,0.00,0.00,0.00,0,1
4757.84,74.49,-0.41,1.35,-0.01,-0.03,-1.02,30.83,99.30,557.34,0.00,0.00,0.00,0.00,0,0,0,0.00,0.00,0.00,0,1
4757.85,74.49,-0.41,1.35,-0.01,-0.03,-1.02,30.83,99.30,557.34,0.00,0.00,0.00,0.00,0,0,0,0.00,0.00,0.00,0,1
4757.86,74.49,-0.41,1.35,-0.01,-0.03,-1.02,30.83,99.30,557.34,0.00,0.00,0.00,0.00,0,0,0,0.00,0.00,0.00,0,1
4757.87,74.49,-0.41,1.35,-0.01,-0.03,-1.02,30.83,99.30,557.34,0.00,0.00,0.00,0.00,0,0,0,0.00,0.00,0.00,0,1
4757.88,74.49,-0.41,1.35,-0.01,-0.03,-1.02,30.83,99.30,557.34,0.00,0.00,0.00,0.00,0,0,0,0.00,0.00,0.00,0,1
4757.89,74.49,-0.41,1.35,-0.01,-0.03,-1.02,30.83,99.30,557.34,0.00,0.00,0.00,0.00,0,0,0,0.00,0.00,0.00,0,1
4757.90,74.49,-0.41,1.35,-0.01,-0.03,-1.02,30.83,99.30,557.34,0.00,0.00,0.00,0.00,0,0,0,0.00,0.00,0.00,0,1
4757.91,74.49,-0.41,1.35,-0.01,-0.03,-1.02,30.83,99.30,557.34,0.00,0.00,0.00,0.00,0,0,0,0.00,0.00,0.00,0,1
4757.92,74.49,-0.41,1.35,-0.01,-0.03,-1.02,30.83,99.30,557.34,0.00,0.00,0.00,0.00,0,0,0,0.00,0.00,0.00,0,1
4757.93,74.49,-0.41,1.35,-0.01,-0.03,-1.02,30.83,99.30,557.34,0.00,0.00,0.00,0.00,0,0,0,0.00,0.00,0.00,0,1
4757.94,74.49,-0.41,1.35,-0.01,-0.03,-1.02,30.83,99.30,557.34,0.00,0.00,0.00,0.00,0,0,0,0.00,0.00,0.00,0,1
4757.95,74.49,-0.41,1.35,-0.01,-0.03,-1.02,30.83,99.30,557.34,0.00,0.00,0.00,0.00,0,0,0,0.00,0.00,0.00,0,1
4757.96,74.49,-0.41,1.35,-0.01,-0.03,-1.02,30.83,99.30,557.34,0.00,0.00,0.00,0.00,0,0,0,0.00,0.00,0.00,0,1
4757.97,74.49,-0.41,1.35,-0.01,-0.03,-1.02,30.83,99.30,557.34,0.00,0.00,0.00,0.00,0,0,0,0.00,0.00,0.00,0,1
4757.98,74.49,-0.41,1.35,-0.01,-0.03,-1.02,30.83,99.30,557.34,0.00,0.00,0.00,0.00,0,0,0,0.00,0.00,0.00,0,1
4757.99,74.49,-0.41,1.35,-0.01,-0.03,-1.02,30.83,99.30,557.34,0.00,0.00,0.00,0.00,0,0,0,0.00,0.00,0.00,0,1
4758.00,74.49,-0.41,1.35,-0.01,-0.03,-1.02,30.83,99.30,557.34,0.00,0.00,0.00,0.00,0,0,0,0.00,0.00,0.00,0,1
4758.01,74.49,-0.41,1.35,-0.01,-0.03,-1.02,30.83,99.30,557.34,0.00,0.00,0.00,0.00,0,0,0,0.00,0.00,0.00,0,1
4758.02,74.49,-0.41,1.35,-0.01,-0.03,-1.02,30.83,99.30,557.34,0.00,0.00,0.00,0.00,0,0,0,0.00,0.00,0.00,0,1
4758.03,74.49,-0.41,1.35,-0.01,-0.03,-1.02,30.83,99.30,557.34,0.00,0.00,0.00,0.00,0,0,0,0.00,0.00,0.00,0,1
4758.04,74.49,-0.41,1.35,-0.01,-0.03,-1.02,30.83,99.30,557.34,0.00,0.00,0.00,0.00,0,0,0,0.00,0.00,0.00,0,1
4758.05,74.49,-0.41,1.35,-0.01,-0.03,-1.02,30.83,99.30,557.34,0.00,0.00,0.00,0.00,0,0,0,0.00,0.00,0.00,0,1
4758.06,74.49,-0.41,1.35,-0.01,-0.03,-1.02,30.83,99.30,557.34,0.00,0.00,0.00,0.00,0,0,0,0.00,0.00,0.00,0,1
4758.07,74.49,-0.41,1.35,-0.01,-0.03,-1.02,30.83,99.30,557.34,0.00,0.00,0.00,0.00,0,0,0,0.00,0.00,0.00,0,1
4758.08,74.49,-0.41,1.35,-0.01,-0.03,-1.02,30.83,99.30,557.34,0.00,0.00,0.00,0.00,0,0,0,0.00,0.00,0.00,0,1
4758.09,74.49,-0.41,1.35,-0.01,-0.03,-1.02,30.83,99.30,557.34,0.00,0.00,0.00,0.00,0,0,0,0.00,0.00,0.00,0,1
4758.10,74.49,-0.41,1.35,-0.01,-0.03,-1.02,30.83,99.30,557.34,0.00,0.00,0.00,0.00,0,0,0,0.00,0.00,0.00,0,1
4758.11,74.49,-0.41,1.35,-0.01,-0.03,-1.02,30.83,99.30,557.34,0.00,0.00,0.00,0.00,0,0,0,0.00,0.00,0.00,0,1
4758.12,74.49,-0.41,1.35,-0.01,-0.03,-1.02,30.83,99.30,557.34,0.00,0.00,0.00,0.00,0,0,0,0.00,0.00,0.00,0,1
4758.13,74.49,-0.41,1.35,-0.01,-0.03,-1.02,30.83,99.30,557.34,0.00,0.00,0.00,0.00,0,0,0,0.00,0.00,0.00,0,1
4758.14,74.49,-0.41,1.35,-0.01,-0.03,-1.02,30.83,99.30,557.34,0.00,0.00,0.00,0.00,0,0,0,0.00,0.00,0.00,0,1
4758.15,74.49,-0.41,1.35,-0.01,-0.03,-1.02,30.83,99.30,557.34,0.00,0.00,0.00,0.00,0,0,0,0.00,0.00,0.00,0,1
4758.16,74.49,-0.41,1.35,-0.01,-0.03,-1.02,30.83,99.30,557.34,0.00,0.00,0.00,0.00,0,0,0,0.00,0.00,0.00,0,1
4758.17,74.49,-0.41,1.35,-0.01,-0.03,-1.02,30.83,99.30,557.34,0.00,0.00,0.00,0.00,0,0,0,0.00,0.00,0.00,0,1
4758.18,74.49,-0.41,1.35,-0.01,-0.03,-1.02,30.83,99.30,557.34,0.00,0.00,0.00,0.00,0,0,0,0.00,0.00,0.00,0,1
4758.19,74.49,-0.41,1.35,-0.01,-0.03,-1.02,30.83,99.30,557.34,0.00,0.00,0.00,0.00,0,0,0,0.00,0.00,0.00,0,1
4758.20,74.49,-0.41,1.35,-0.01,-0.03,-1.02,30.83,99.30,557.34,0.00,0.00,0.00,0.00,0,0,0,0.00,0.00,0.00,0,1
4758.21,74.49,-0.41,1.35,-0.01,-0.03,-1.02,30.83,99.30,557.34,0.00,0.00,0.00,0.00,0,0,0,0.00,0.00,0.00,0,1
4758.22,74.49,-0.41,1.35,-0.01,-0.03,-1.02,30.83,99.30,557.34,0.00,0.00,0.00,0.00,0,0,0,0.00,0.00,0.00,0,1
4758.23,74.49,-0.41,1.35,-0.01,-0.03,-1.02,30.83,99.30,557.34,0.00,0.00,0.00,0.00,0,0,0,0.00,0.00,0.00,0,1
4758.24,74.49,-0.41,1.35,-0.01,-0.03,-1.02,30.83,99.30,557.34,0.00,0.00,0.00,0.00,0,0,0,0.00,0.00,0.00,0,1
4758.25,74.49,-0.41,1.35,-0.01,-0.03,-1.02,30.83,99.30,557.34,0.00,0.00,0.00,0.00,0,0,0,0.00,0.00,0.00,0,1
4758.26,74.49,-0.41,1.35,-0.01,-0.03,-1.02,30.83,99.30,557.34,0.00,0.00,0.00,0.00,0,0,0,0.00,0.00,0.00,0,1
4758.27,74.49,-0.41,1.35,-0.01,-0.03,-1.02,30.83,99.30,557.34,0.00,0.00,0.00,0.00,0,0,0,0.00,0.00,0.00,0,1
4758.28,74.49,-0.41,1.35,-0.01,-0.03,-1.02,30.83,99.30,557.34,0.00,0.00,0.00,0.00,0,0,0,0.00,0.00,0.00,0,1
4758.29,74.49,-0.41,1.35,-0.01,-0.03,-1.02,30.83,99.30,557.34,0.00,0.00,0.00,0.00,0,0,0,0.00,0.00,0.00,0,1
4758.30,74.49,-0.41,1.35,-0.01,-0.03,-1.02,30.83,99.30,557.34,0.00,0.00,0.00,0.00,0,0,0,0.00,0.00,0.00,0,1
4758.31,74.49,-0.41,1.35,-0.01,-0.03,-1.02,30.83,99.30,557.34,0.00,0.00,0.00,0.00,0,0,0,0.00,0.00,0.00,0,1
4758.32,74.49,-0.41,1.35,-0.01,-0.03,-1.02,30.83,99.30,557.34,0.00,0.00,0.00,0.00,0,0,0,0.00,0.00,0.00,0,1
4758.33,74.49,-0.41,1.35,-0.01,-0.03,-1.02,30.83,99.30,557.34,0.00,0.00,0.00,0.00,0,0,0,0.00,0.00,0.00,0,1
4758.34,74.49,-0.41,1.35,-0.01,-0.03,-1.02,30.83,99.30,557.34,0.00,0.00,0.00,0.00,0,0,0,0.00,0.00,0.00,0,1
4758.35,74.49,-0.41,1.35,-0.01,-0.03,-1.02,30.83,99.30,557.34,0.00,0.00,0.00,0.00,0,0,0,0.00,0.00,0.00,0,1
4758.36,74.49,-0.41,1.35,-0.01,-0.03,-1.02,30.83,99.30,557.34,0.00,0.00,0.00,0.00,0,0,0,0.00,0.00,0.00,0,1
4758.37,74.49,-0.41,1.35,-0.01,-0.03,-1.02,30.83,99.30,557.34,0.00,0.00,0.00,0.00,0,0,0,0.00,0.00,0.00,0,1
4758.38,74.49,-0.41,1.35,-0.01,-0.03,-1.02,30.83,99.30,557.34,0.00,0.00,0.00,0.00,0,0,0,0.00,0.00,0.00,0,1
4758.39,74.49,-0.41,1.35,-0.01,-0.03,-1.02,30.83,99.30,557.34,0.00,0.00,0.00,0.00,0,0,0,0.00,0.00,0.00,0,1
4758.40,74.49,-0.41,1.35,-0.01,-0.03,-1.02,30.83,99.30,557.34,0.00,0.00,0.00,0.00,0,0,0,0.00,0.00,0.00,0,1
4758.41,74.49,-0.41,1.35,-0.01,-0.03,-1.02,30.83,99.30,557.34,0.00,0.00,0.00,0.00,0,0,0,0.00,0.00,0.00,0,1
4758.42,74.49,-0.41,1.35,-0.01,-0.03,-1.02,30.83,99.30,557.34,0.00,0.00,0.00,0.00,0,0,0,0.00,0.00,0.00,0,1
4758.43,74.49,-0.41,1.35,-0.01,-0.03,-1.02,30.83,99.30,557.34,0.00,0.00,0.00,0.00,0,0,0,0.00,0.00,0.00,0,1
4758.44,74.49,-0.41,1.35,-0.01,-0.03,-1.02,30.83,99.30,557.34,0.00,0.00,0.00,0.00,0,0,0,0.00,0.00,0.00,0,1
4758.45,74.49,-0.41,1.35,-0.01,-0.03,-1.02,30.83,99.30,557.34,0.00,0.00,0.00,0.00,0,0,0,0.00,0.00,0.00,0,1
4758.46,74.49,-0.41,1.35,-0.01,-0.03,-1.02,30.83,99.30,557.34,0.00,0.00,0.00,0.00,0,0,0,0.00,0.00,0.00,0,1
4758.47,74.49,-0.41,1.35,-0.01,-0.03,-1.02,30.83,99.30,557.34,0.00,0.00,0.00,0.00,0,0,0,0.00,0.00,0.00,0,1
4758.48,74.49,-0.41,1.35,-0.01,-0.03,-1.02,30.83,99.30,557.34,0.00,0.00,0.00,0.00,0,0,0,0.00,0.00,0.00,0,1
4758.49,74.49,-0.41,1.35,-0.01,-0.03,-1.02,30.83,99.30,557.34,0.00,0.00,0.00,0.00,0,0,0,0.00,0.00,0.00,0,1
4758.50,74.49,-0.41,1.35,-0.01,-0.03,-1.02,30.83,99.30,557.34,0.00,0.00,0.00,0.00,0,0,0,0.00,0.00,0.00,0,1
4758.51,74.49,-0.41,1.35,-0.01,-0.03,-1.02,30.83,99.30,557.34,0.00,0.00,0.00,0.00,0,0,0,0.00,0.00,0.00,0,1
4758.52,74.49,-0.41,1.35,-0.01,-0.03,-1.02,30.83,99.30,557.34,0.00,0.00,0.00,0.00,0,0,0,0.00,0.00,0.00,0,1
4758.53,74.49,-0.41,1.35,-0.01,-0.03,-1.02,30.83,99.30,557.34,0.00,0.00,0.00,0.00,0,0,0,0.00,0.00,0.00,0,1
4758.54,74.49,-0.41,1.35,-0.01,-0.03,-1.02,30.83,99.30,557.34,0.00,0.00,0.00,0.00,0,0,0,0.00,0.00,0.00,0,1
4758.55,74.49,-0.41,1.35,-0.01,-0.03,-1.02,30.83,99.30,557.34,0.00,0.00,0.00,0.00,0,0,0,0.00,0.00,0.00,0,1
4758.56,74.49,-0.41,1.35,-0.01,-0.03,-1.02,30.83,99.30,557.34,0.00,0.00,0.00,0.00,0,0,0,0.00,0.00,0.00,0,1
4758.57,74.49,-0.41,1.35,-0.01,-0.03,-1.02,30.83,99.30,557.34,0.00,0.00,0.00,0.00,0,0,0,0.00,0.00,0.00,0,1
4758.58,74.49,-0.41,1.35,-0.01,-0.03,-1.02,30.83,99.30,557.34,0.00,0.00,0.00,0.00,0,0,0,0.00,0.00,0.00,0,1
4758.59,74.49,-0.41,1.35,-0.01,-0.03,-1.02,30.83,99.30,557.34,0.00,0.00,0.00,0.00,0,0,0,0.00,0.00,0.00,0,1
4758.60,74.49,-0.41,1.35,-0.01,-0.03,-1.02,30.83,99.30,557.34,0.00,0.00,0.00,0.00,0,0,0,0.00,0.00,0.00,0,1
4758.61,74.49,-0.41,1.35,-0.01,-0.03,-1.02,30.83,99.30,557.34,0.00,0.00,0.00,0.00,0,0,0,0.00,0.00,0.00,0,1
4758.62,74.49,-0.41,1.35,-0.01,-0.03,-1.02,30.83,99.30,557.34,0.00,0.00,0.00,0.00,0,0,0,0.00,0.00,0.00,0,1
4758.63,74.49,-0.41,1.35,-0.01,-0.03,-1.02,30.83,99.30,557.34,0.00,0.00,0.00,0.00,0,0,0,0.00,0.00,0.00,0,1
4758.64,74.49,-0.41,1.35,-0.01,-0.03,-1.02,30.83,99.30,557.34,0.00,0.00,0.00,0.00,0,0,0,0.00,0.00,0.00,0,1
4758.65,74.49,-0.41,1.35,-0.01,-0.03,-1.02,30.83,99.30,557.34,0.00,0.00,0.00,0.00,0,0,0,0.00,0.00,0.00,0,1
4758.66,74.49,-0.41,1.35,-0.01,-0.03,-1.02,30.83,99.30,557.34,0.00,0.00,0.00,0.00,0,0,0,0.00,0.00,0.00,0,1
4758.67,74.49,-0.41,1.35,-0.01,-0.03,-1.02,30.83,99.30,557.34,0.00,0.00,0.00,0.00,0,0,0,0.00,0.00,0.00,0,1
4758.68,74.49,-0.41,1.35,-0.01,-0.03,-1.02,30.83,99.30,557.34,0.00,0.00,0.00,0.00,0,0,0,0.00,0.00,0.00,0,1
4758.69,74.49,-0.41,1.35,-0.01,-0.03,-1.02,30.83,99.30,557.34,0.00,0.00,0.00,0.00,0,0,0,0.00,0.00,0.00,0,1
4758.70,74.49,-0.41,1.35,-0.01,-0.03,-1.02,30.83,99.30,557.34,0.00,0.00,0.00,0.00,0,0,0,0.00,0.00,0.00,0,1
4758.71,74.49,-0.41,1.35,-0.01,-0.03,-1.02,30.83,99.30,557.34,0.00,0.00,0.00,0.00,0,0,0,0.00,0.00,0.00,0,1
4758.72,74.49,-0.41,1.35,-0.01,-0.03,-1.02,30.83,99.30,557.34,0.00,0.00,0.00,0.00,0,0,0,0.00,0.00,0.00,0,1
4758.73,74.49,-0.41,1.35,-0.01,-0.03,-1.02,30.83,99.30,557.34,0.00,0.00,0.00,0.00,0,0,0,0.00,0.00,0.00,0,1
4758.74,74.49,-0.41,1.35,-0.01,-0.03,-1.02,30.83,99.30,557.34,0.00,0.00,0.00,0.00,0,0,0,0.00,0.00,0.00,0,1
4758.75,74.49,-0.41,1.35,-0.01,-0.03,-1.02,30.83,99.30,557.34,0.00,0.00,0.00,0.00,0,0,0,0.00,0.00,0.00,0,1
4758.76,74.49,-0.41,1.35,-0.01,-0.03,-1.02,30.83,99.30,557.34,0.00,0.00,0.00,0.00,0,0,0,0.00,0.00,0.00,0,1
4758.77,74.49,-0.41,1.35,-0.01,-0.03,-1.02,30.83,99.30,557.34,0.00,0.00,0.00,0.00,0,0,0,0.00,0.00,0.00,0,1
4758.78,74.49,-0.41,1.35,-0.01,-0.03,-1.02,30.83,99.30,557.34,0.00,0.00,0.00,0.00,0,0,0,0.00,0.00,0.00,0,1
4758.79,74.49,-0.41,1.35,-0.01,-0.03,-1.02,30.83,99.30,557.34,0.00,0.00,0.00,0.00,0,0,0,0.00,0.00,0.00,0,1
4758.80,74.49,-0.41,1.35,-0.01,-0.03,-1.02,30.83,99.30,557.34,0.00,0.00,0.00,0.00,0,0,0,0.00,0.00,0.00,0,1
4758.81,74.49,-0.41,1.35,-0.01,-0.03,-1.02,30.83,99.30,557.34,0.00,0.00,0.00,0.00,0,0,0,0.00,0.00,0.00,0,1
4758.82,74.49,-0.41,1.35,-0.01,-0.03,-1.02,30.83,99.30,557.34,0.00,0.00,0.00,0.00,0,0,0,0.00,0.00,0.00,0,1
4758.83,74.49,-0.41,1.35,-0.01,-0.03,-1.02,30.83,99.30,556.22,0.00,0.00,0.00,0.00,0,0,0,0.00,0.00,0.00,0,1
4758.84,74.49,-0.41,1.35,-0.01,-0.03,-1.02,30.83,99.30,557.34,0.00,0.00,0.00,0.00,0,0,0,0.00,0.00,0.00,0,1
4758.85,74.50,-0.41,1.35,-0.01,-0.03,-1.01,30.83,99.30,557.34,0.00,0.00,0.00,0.00,0,0,0,0.00,0.00,0.00,0,1
4758.86,74.50,-0.41,1.35,-0.01,-0.03,-1.01,30.83,99.30,557.34,0.00,0.00,0.00,0.00,0,0,0,0.00,0.00,0.00,0,1
4758.87,74.50,-0.41,1.35,-0.01,-0.03,-1.01,30.83,99.30,557.34,0.00,0.00,0.00,0.00,0,0,0,0.00,0.00,0.00,0,1
4758.88,74.50,-0.41,1.35,-0.01,-0.03,-1.01,30.83,99.30,557.34,0.00,0.00,0.00,0.00,0,0,0,0.00,0.00,0.00,0,1
4758.89,74.50,-0.41,1.35,-0.01,-0.03,-1.01,30.83,99.30,557.34,0.00,0.00,0.00,0.00,0,0,0,0.00,0.00,0.00,0,1
4758.90,74.50,-0.41,1.35,-0.01,-0.03,-1.01,30.83,99.30,557.34,0.00,0.00,0.00,0.00,0,0,0,0.00,0.00,0.00,0,1
4758.91,74.50,-0.41,1.35,-0.01,-0.03,-1.01,30.83,99.30,557.34,0.00,0.00,0.00,0.00,0,0,0,0.00,0.00,0.00,0,1
4758.92,74.50,-0.41,1.35,-0.01,-0.03,-1.01,30.83,99.30,557.34,0.00,0.00,0.00,0.00,0,0,0,0.00,0.00,0.00,0,1
4758.93,74.50,-0.41,1.35,-0.01,-0.03,-1.01,30.83,99.30,557.34,0.00,0.00,0.00,0.00,0,0,0,0.00,0.00,0.00,0,1
4758.94,74.50,-0.41,1.35,-0.01,-0.03,-1.01,30.83,99.30,557.34,0.00,0.00,0.00,0.00,0,0,0,0.00,0.00,0.00,0,1
4758.95,74.50,-0.41,1.35,-0.01,-0.03,-1.01,30.83,99.30,557.34,0.00,0.00,0.00,0.00,0,0,0,0.00,0.00,0.00,0,1
4758.96,74.50,-0.41,1.35,-0.01,-0.03,-1.01,30.83,99.30,557.34,0.00,0.00,0.00,0.00,0,0,0,0.00,0.00,0.00,0,1
4758.97,74.50,-0.41,1.35,-0.01,-0.03,-1.01,30.83,99.30,557.34,0.00,0.00,0.00,0.00,0,0,0,0.00,0.00,0.00,0,1
4758.98,74.50,-0.41,1.35,-0.01,-0.03,-1.01,30.83,99.30,557.34,0.00,0.00,0.00,0.00,0,0,0,0.00,0.00,0.00,0,1
4758.99,74.50,-0.41,1.35,-0.01,-0.03,-1.01,30.83,99.30,557.34,0.00,0.00,0.00,0.00,0,0,0,0.00,0.00,0.00,0,1
4759.00,74.50,-0.41,1.35,-0.01,-0.03,-1.01,30.83,99.30,557.34,0.00,0.00,0.00,0.00,0,0,0,0.00,0.00,0.00,0,1
4759.01,74.50,-0.41,1.35,-0.01,-0.03,-1.01,30.83,99.30,557.34,0.00,0.00,0.00,0.00,0,0,0,0.00,0.00,0.00,0,1
4759.02,74.50,-0.41,1.35,-0.01,-0.03,-1.01,30.83,99.30,557.34,0.00,0.00,0.00,0.00,0,0,0,0.00,0.00,0.00,0,1
4759.03,74.50,-0.41,1.35,-0.01,-0.03,-1.01,30.83,99.30,557.34,0.00,0.00,0.00,0.00,0,0,0,0.00,0.00,0.00,0,1
4759.04,74.50,-0.41,1.35,-0.01,-0.03,-1.01,30.83,99.30,557.34,0.00,0.00,0.00,0.00,0,0,0,0.00,0.00,0.00,0,1
4759.05,74.50,-0.41,1.35,-0.01,-0.03,-1.01,30.83,99.30,557.34,0.00,0.00,0.00,0.00,0,0,0,0.00,0.00,0.00,0,1
4759.06,74.50,-0.41,1.35,-0.01,-0.03,-1.01,30.83,99.30,557.34,0.00,0.00,0.00,0.00,0,0,0,0.00,0.00,0.00,0,1
4759.07,74.50,-0.41,1.35,-0.01,-0.03,-1.01,30.83,99.30,557.34,0.00,0.00,0.00,0.00,0,0,0,0.00,0.00,0.00,0,1
4759.08,74.50,-0.41,1.35,-0.01,-0.03,-1.01,30.83,99.30,557.34,0.00,0.00,0.00,0.00,0,0,0,0.00,0.00,0.00,0,1
4759.09,74.50,-0.41,1.35,-0.01,-0.03,-1.01,30.83,99.30,557.34,0.00,0.00,0.00,0.00,0,0,0,0.00,0.00,0.00,0,1
4759.10,74.50,-0.41,1.35,-0.01,-0.03,-1.01,30.83,99.30,557.34,0.00,0.00,0.00,0.00,0,0,0,0.00,0.00,0.00,0,1
4759.11,74.50,-0.41,1.35,-0.01,-0.03,-1.01,30.83,99.30,557.34,0.00,0.00,0.00,0.00,0,0,0,0.00,0.00,0.00,0,1
4759.12,74.50,-0.41,1.35,-0.01,-0.03,-1.01,30.83,99.30,557.34,0.00,0.00,0.00,0.00,0,0,0,0.00,0.00,0.00,0,1
4759.13,74.50,-0.41,1.35,-0.01,-0.03,-1.01,30.83,99.30,557.34,0.00,0.00,0.00,0.00,0,0,0,0.00,0.00,0.00,0,1
4759.14,74.50,-0.41,1.35,-0.01,-0.03,-1.01,30.83,99.30,557.34,0.00,0.00,0.00,0.00,0,0,0,0.00,0.00,0.00,0,1
4759.15,74.50,-0.41,1.35,-0.01,-0.03,-1.01,30.83,99.30,557.34,0.00,0.00,0.00,0.00,0,0,0,0.00,0.00,0.00,0,1
4759.16,74.50,-0.41,1.35,-0.01,-0.03,-1.01,30.83,99.30,557.34,0.00,0.00,0.00,0.00,0,0,0,0.00,0.00,0.00,0,1
4759.17,74.50,-0.41,1.35,-0.01,-0.03,-1.01,30.83,99.30,557.34,0.00,0.00,0.00,0.00,0,0,0,0.00,0.00,0.00,0,1
4759.18,74.50,-0.41,1.35,-0.01,-0.03,-1.01,30.83,99.30,557.34,0.00,0.00,0.00,0.00,0,0,0,0.00,0.00,0.00,0,1
4759.19,74.50,-0.41,1.35,-0.01,-0.03,-1.01,30.83,99.30,557.34,0.00,0.00,0.00,0.00,0,0,0,0.00,0.00,0.00,0,1
4759.20,74.50,-0.41,1.35,-0.01,-0.03,-1.01,30.83,99.30,557.34,0.00,0.00,0.00,0.00,0,0,0,0.00,0.00,0.00,0,1
4759.21,74.50,-0.41,1.35,-0.01,-0.03,-1.01,30.83,99.30,557.34,0.00,0.00,0.00,0.00,0,0,0,0.00,0.00,0.00,0,1
4759.22,74.50,-0.41,1.35,-0.01,-0.03,-1.01,30.83,99.30,557.34,0.00,0.00,0.00,0.00,0,0,0,0.00,0.00,0.00,0,1
4759.23,74.50,-0.41,1.35,-0.01,-0.03,-1.01,30.83,99.30,557.34,0.00,0.00,0.00,0.00,0,0,0,0.00,0.00,0.00,0,1
4759.24,74.50,-0.41,1.35,-0.01,-0.03,-1.01,30.83,99.30,557.34,0.00,0.00,0.00,0.00,0,0,0,0.00,0.00,0.00,0,1
4759.25,74.50,-0.41,1.35,-0.01,-0.03,-1.01,30.83,99.30,557.34,0.00,0.00,0.00,0.00,0,0,0,0.00,0.00,0.00,0,1
4759.26,74.50,-0.41,1.35,-0.01,-0.03,-1.01,30.83,99.30,557.34,0.00,0.00,0.00,0.00,0,0,0,0.00,0.00,0.00,0,1
4759.27,74.50,-0.41,1.35,-0.01,-0.03,-1.01,30.83,99.30,557.34,0.00,0.00,0.00,0.00,0,0,0,0.00,0.00,0.00,0,1
4759.28,74.50,-0.41,1.35,-0.01,-0.03,-1.01,30.83,99.30,557.34,0.00,0.00,0.00,0.00,0,0,0,0.00,0.00,0.00,0,1
4759.29,74.50,-0.41,1.35,-0.01,-0.03,-1.01,30.83,99.30,557.34,0.00,0.00,0.00,0.00,0,0,0,0.00,0.00,0.00,0,1
4759.30,74.50,-0.41,1.35,-0.01,-0.03,-1.01,30.83,99.30,557.34,0.00,0.00,0.00,0.00,0,0,0,0.00,0.00,0.00,0,1
4759.31,74.50,-0.41,1.35,-0.01,-0.03,-1.01,30.83,99.30,557.34,0.00,0.00,0.00,0.00,0,0,0,0.00,0.00,0.00,0,1
4759.32,74.50,-0.41,1.35,-0.01,-0.03,-1.01,30.83,99.30,557.34,0.00,0.00,0.00,0.00,0,0,0,0.00,0.00,0.00,0,1
4759.33,74.50,-0.41,1.35,-0.01,-0.03,-1.01,30.83,99.30,557.34,0.00,0.00,0.00,0.00,0,0,0,0.00,0.00,0.00,0,1
4759.34,74.50,-0.41,1.35,-0.01,-0.03,-1.01,30.83,99.30,557.34,0.00,0.00,0.00,0.00,0,0,0,0.00,0.00,0.00,0,1
4759.35,74.50,-0.41,1.35,-0.01,-0.03,-1.01,30.83,99.30,557.34,0.00,0.00,0.00,0.00,0,0,0,0.00,0.00,0.00,0,1
4759.36,74.50,-0.41,1.35,-0.01,-0.03,-1.01,30.83,99.30,557.34,0.00,0.00,0.00,0.00,0,0,0,0.00,0.00,0.00,0,1
4759.37,74.50,-0.41,1.35,-0.01,-0.03,-1.01,30.83,99.30,557.34,0.00,0.00,0.00,0.00,0,0,0,0.00,0.00,0.00,0,1
4759.38,74.50,-0.41,1.35,-0.01,-0.03,-1.01,30.83,99.30,557.34,0.00,0.00,0.00,0.00,0,0,0,0.00,0.00,0.00,0,1
4759.39,74.50,-0.41,1.35,-0.01,-0.03,-1.01,30.83,99.30,557.34,0.00,0.00,0.00,0.00,0,0,0,0.00,0.00,0.00,0,1
4759.40,74.50,-0.41,1.35,-0.01,-0.03,-1.01,30.83,99.30,557.34,0.00,0.00,0.00,0.00,0,0,0,0.00,0.00,0.00,0,1
4759.41,74.50,-0.41,1.35,-0.01,-0.03,-1.01,30.83,99.30,557.34,0.00,0.00,0.00,0.00,0,0,0,0.00,0.00,0.00,0,1
4759.42,74.50,-0.41,1.35,-0.01,-0.03,-1.01,30.83,99.30,557.34,0.00,0.00,0.00,0.00,0,0,0,0.00,0.00,0.00,0,1
4759.43,74.50,-0.41,1.35,-0.01,-0.03,-1.01,30.83,99.30,557.34,0.00,0.00,0.00,0.00,0,0,0,0.00,0.00,0.00,0,1
4759.44,74.50,-0.41,1.35,-0.01,-0.03,-1.01,30.83,99.30,557.34,0.00,0.00,0.00,0.00,0,0,0,0.00,0.00,0.00,0,1
4759.45,74.50,-0.41,1.35,-0.01,-0.03,-1.01,30.83,99.30,557.34,0.00,0.00,0.00,0.00,0,0,0,0.00,0.00,0.00,0,1
4759.46,74.50,-0.41,1.35,-0.01,-0.03,-1.01,30.83,99.30,557.34,0.00,0.00,0.00,0.00,0,0,0,0.00,0.00,0.00,0,1
4759.47,74.50,-0.41,1.35,-0.01,-0.03,-1.01,30.83,99.30,557.34,0.00,0.00,0.00,0.00,0,0,0,0.00,0.00,0.00,0,1
4759.48,74.50,-0.41,1.35,-0.01,-0.03,-1.01,30.83,99.30,557.34,0.00,0.00,0.00,0.00,0,0,0,0.00,0.00,0.00,0,1
4759.49,74.50,-0.41,1.35,-0.01,-0.03,-1.01,30.83,99.30,557.34,0.00,0.00,0.00,0.00,0,0,0,0.00,0.00,0.00,0,1
4759.50,74.50,-0.41,1.35,-0.01,-0.03,-1.01,30.83,99.30,557.34,0.00,0.00,0.00,0.00,0,0,0,0.00,0.00,0.00,0,1
4759.51,74.50,-0.41,1.35,-0.01,-0.03,-1.01,30.83,99.30,557.34,0.00,0.00,0.00,0.00,0,0,0,0.00,0.00,0.00,0,1
4759.52,74.50,-0.41,1.35,-0.01,-0.03,-1.01,30.83,99.30,557.34,0.00,0.00,0.00,0.00,0,0,0,0.00,0.00,0.00,0,1
4759.53,74.50,-0.41,1.35,-0.01,-0.03,-1.01,30.83,99.30,557.34,0.00,0.00,0.00,0.00,0,0,0,0.00,0.00,0.00,0,1
4759.54,74.50,-0.41,1.35,-0.01,-0.03,-1.01,30.83,99.30,557.34,0.00,0.00,0.00,0.00,0,0,0,0.00,0.00,0.00,0,1
4759.55,74.50,-0.41,1.35,-0.01,-0.03,-1.01,30.83,99.30,557.34,0.00,0.00,0.00,0.00,0,0,0,0.00,0.00,0.00,0,1
4759.56,74.50,-0.41,1.35,-0.01,-0.03,-1.01,30.83,99.30,557.34,0.00,0.00,0.00,0.00,0,0,0,0.00,0.00,0.00,0,1
4759.57,74.50,-0.41,1.35,-0.01,-0.03,-1.01,30.83,99.30,557.34,0.00,0.00,0.00,0.00,0,0,0,0.00,0.00,0.00,0,1
4759.58,74.50,-0.41,1.35,-0.01,-0.03,-1.01,30.83,99.30,557.34,0.00,0.00,0.00,0.00,0,0,0,0.00,0.00,0.00,0,1
4759.59,74.50,-0.41,1.35,-0.01,-0.03,-1.01,30.83,99.30,557.34,0.00,0.00,0.00,0.00,0,0,0,0.00,0.00,0.00,0,1
4759.60,74.50,-0.41,1.35,-0.01,-0.03,-1.01,30.83,99.30,557.34,0.00,0.00,0.00,0.00,0,0,0,0.00,0.00,0.00,0,1
4759.61,74.50,-0.41,1.35,-0.01,-0.03,-1.01,30.83,99.30,557.34,0.00,0.00,0.00,0.00,0,0,0,0.00,0.00,0.00,0,1
4759.62,74.50,-0.41,1.35,-0.01,-0.03,-1.01,30.83,99.30,557.34,0.00,0.00,0.00,0.00,0,0,0,0.00,0.00,0.00,0,1
4759.63,74.50,-0.41,1.35,-0.01,-0.03,-1.01,30.83,99.30,557.34,0.00,0.00,0.00,0.00,0,0,0,0.00,0.00,0.00,0,1
4759.64,74.50,-0.41,1.35,-0.01,-0.03,-1.01,30.83,99.30,557.34,0.00,0.00,0.00,0.00,0,0,0,0.00,0.00,0.00,0,1
4759.65,74.50,-0.41,1.35,-0.01,-0.03,-1.01,30.83,99.30,557.34,0.00,0.00,0.00,0.00,0,0,0,0.00,0.00,0.00,0,1
4759.66,74.50,-0.41,1.35,-0.01,-0.03,-1.01,30.83,99.30,557.34,0.00,0.00,0.00,0.00,0,0,0,0.00,0.00,0.00,0,1
4759.67,74.50,-0.41,1.35,-0.01,-0.03,-1.01,30.83,99.30,557.34,0.00,0.00,0.00,0.00,0,0,0,0.00,0.00,0.00,0,1
4759.68,74.50,-0.41,1.35,-0.01,-0.03,-1.01,30.83,99.30,557.34,0.00,0.00,0.00,0.00,0,0,0,0.00,0.00,0.00,0,1
4759.69,74.50,-0.41,1.35,-0.01,-0.03,-1.01,30.83,99.30,557.34,0.00,0.00,0.00,0.00,0,0,0,0.00,0.00,0.00,0,1
4759.70,74.50,-0.41,1.35,-0.01,-0.03,-1.01,30.83,99.30,557.34,0.00,0.00,0.00,0.00,0,0,0,0.00,0.00,0.00,0,1
4759.71,74.50,-0.41,1.35,-0.01,-0.03,-1.01,30.83,99.30,557.34,0.00,0.00,0.00,0.00,0,0,0,0.00,0.00,0.00,0,1
4759.72,74.50,-0.41,1.35,-0.01,-0.03,-1.01,30.83,99.30,557.34,0.00,0.00,0.00,0.00,0,0,0,0.00,0.00,0.00,0,1
4759.73,74.50,-0.41,1.35,-0.01,-0.03,-1.01,30.83,99.30,557.34,0.00,0.00,0.00,0.00,0,0,0,0.00,0.00,0.00,0,1
4759.74,74.50,-0.41,1.35,-0.01,-0.03,-1.01,30.83,99.30,557.34,0.00,0.00,0.00,0.00,0,0,0,0.00,0.00,0.00,0,1
4759.75,74.50,-0.41,1.35,-0.01,-0.03,-1.01,30.83,99.30,557.34,0.00,0.00,0.00,0.00,0,0,0,0.00,0.00,0.00,0,1
4759.76,74.50,-0.41,1.35,-0.01,-0.03,-1.01,30.83,99.30,557.34,0.00,0.00,0.00,0.00,0,0,0,0.00,0.00,0.00,0,1
4759.77,74.50,-0.41,1.35,-0.01,-0.03,-1.01,30.83,99.30,557.34,0.00,0.00,0.00,0.00,0,0,0,0.00,0.00,0.00,0,1
4759.78,74.50,-0.41,1.35,-0.01,-0.03,-1.01,30.83,99.30,557.34,0.00,0.00,0.00,0.00,0,0,0,0.00,0.00,0.00,0,1
4759.79,74.50,-0.41,1.35,-0.01,-0.03,-1.01,30.83,99.30,557.34,0.00,0.00,0.00,0.00,0,0,0,0.00,0.00,0.00,0,1
4759.80,74.50,-0.41,1.35,-0.01,-0.03,-1.01,30.83,99.30,557.34,0.00,0.00,0.00,0.00,0,0,0,0.00,0.00,0.00,0,1
4759.81,74.50,-0.41,1.35,-0.01,-0.03,-1.01,30.83,99.30,557.34,0.00,0.00,0.00,0.00,0,0,0,0.00,0.00,0.00,0,1
4759.82,74.50,-0.41,1.35,-0.01,-0.03,-1.01,30.83,99.30,557.34,0.00,0.00,0.00,0.00,0,0,0,0.00,0.00,0.00,0,1
4759.83,74.50,-0.41,1.35,-0.01,-0.03,-1.01,30.83,99.30,557.34,0.00,0.00,0.00,0.00,0,0,0,0.00,0.00,0.00,0,1
4759.84,74.50,-0.41,1.35,-0.01,-0.03,-1.01,30.83,99.30,557.34,0.00,0.00,0.00,0.00,0,0,0,0.00,0.00,0.00,0,1
4759.85,74.50,-0.41,1.35,-0.01,-0.03,-1.01,30.83,99.30,557.34,0.00,0.00,0.00,0.00,0,0,0,0.00,0.00,0.00,0,1
4759.86,74.50,-0.41,1.35,-0.01,-0.03,-1.01,30.83,99.30,557.34,0.00,0.00,0.00,0.00,0,0,0,0.00,0.00,0.00,0,1
4759.87,74.50,-0.41,1.35,-0.01,-0.03,-1.01,30.83,99.30,557.34,0.00,0.00,0.00,0.00,0,0,0,0.00,0.00,0.00,0,1
4759.88,74.50,-0.41,1.35,-0.01,-0.03,-1.01,30.83,99.30,557.34,0.00,0.00,0.00,0.00,0,0,0,0.00,0.00,0.00,0,1
4759.89,74.50,-0.41,1.35,-0.01,-0.03,-1.01,30.83,99.30,557.34,0.00,0.00,0.00,0.00,0,0,0,0.00,0.00,0.00,0,1
4759.90,74.50,-0.41,1.35,-0.01,-0.03,-1.01,30.83,99.30,557.34,0.00,0.00,0.00,0.00,0,0,0,0.00,0.00,0.00,0,1
4759.91,74.50,-0.41,1.35,-0.01,-0.03,-1.01,30.83,99.30,557.34,0.00,0.00,0.00,0.00,0,0,0,0.00,0.00,0.00,0,1
4759.92,74.50,-0.41,1.35,-0.01,-0.03,-1.01,30.83,99.30,557.34,0.00,0.00,0.00,0.00,0,0,0,0.00,0.00,0.00,0,1
4759.93,74.50,-0.41,1.35,-0.01,-0.03,-1.01,30.83,99.30,557.34,0.00,0.00,0.00,0.00,0,0,0,0.00,0.00,0.00,0,1
4759.94,74.50,-0.41,1.35,-0.01,-0.03,-1.01,30.83,99.30,557.34,0.00,0.00,0.00,0.00,0,0,0,0.00,0.00,0.00,0,1
4759.95,74.50,-0.41,1.35,-0.01,-0.03,-1.01,30.83,99.30,557.34,0.00,0.00,0.00,0.00,0,0,0,0.00,0.00,0.00,0,1
4759.96,74.50,-0.41,1.35,-0.01,-0.03,-1.01,30.83,99.30,557.34,0.00,0.00,0.00,0.00,0,0,0,0.00,0.00,0.00,0,1
4759.97,74.50,-0.41,1.35,-0.01,-0.03,-1.01,30.83,99.30,557.34,0.00,0.00,0.00,0.00,0,0,0,0.00,0.00,0.00,0,1
4759.98,74.50,-0.41,1.35,-0.01,-0.03,-1.01,30.83,99.30,557.34,0.00,0.00,0.00,0.00,0,0,0,0.00,0.00,0.00,0,1
4759.99,74.50,-0.41,1.35,-0.01,-0.03,-1.01,30.83,99.30,557.34,0.00,0.00,0.00,0.00,0,0,0,0.00,0.00,0.00,0,1
4760.00,74.50,-0.41,1.35,-0.01,-0.03,-1.01,30.83,99.30,557.34,0.00,0.00,0.00,0.00,0,0,0,0.00,0.00,0.00,0,1
4760.01,74.50,-0.41,1.35,-0.01,-0.03,-1.01,30.83,99.30,557.34,0.00,0.00,0.00,0.00,0,0,0,0.00,0.00,0.00,0,1
4760.02,74.50,-0.41,1.35,-0.01,-0.03,-1.01,30.83,99.30,557.34,0.00,0.00,0.00,0.00,0,0,0,0.00,0.00,0.00,0,1
4760.03,74.50,-0.41,1.35,-0.01,-0.03,-1.01,30.83,99.30,557.34,0.00,0.00,0.00,0.00,0,0,0,0.00,0.00,0.00,0,1
4760.04,74.50,-0.41,1.35,-0.01,-0.03,-1.01,30.83,99.30,557.34,0.00,0.00,0.00,0.00,0,0,0,0.00,0.00,0.00,0,1
4760.05,74.50,-0.41,1.35,-0.01,-0.03,-1.01,30.83,99.30,557.34,0.00,0.00,0.00,0.00,0,0,0,0.00,0.00,0.00,0,1
4760.06,74.50,-0.41,1.35,-0.01,-0.03,-1.01,30.83,99.30,557.34,0.00,0.00,0.00,0.00,0,0,0,0.00,0.00,0.00,0,1
4760.07,74.50,-0.41,1.35,-0.01,-0.03,-1.01,30.83,99.30,557.34,0.00,0.00,0.00,0.00,0,0,0,0.00,0.00,0.00,0,1
4760.08,74.50,-0.41,1.35,-0.01,-0.03,-1.01,30.83,99.30,557.34,0.00,0.00,0.00,0.00,0,0,0,0.00,0.00,0.00,0,1
4760.09,74.50,-0.41,1.36,-0.01,-0.03,-1.01,30.83,99.30,557.34,0.00,0.00,0.00,0.00,0,0,0,0.00,0.00,0.00,0,1
4760.10,74.50,-0.41,1.36,-0.01,-0.03,-1.02,30.83,99.31,554.01,0.00,0.00,0.00,0.00,0,0,0,0.00,0.00,0.00,0,1
4760.11,74.50,-0.41,1.36,-0.01,-0.03,-1.02,30.83,99.30,557.34,0.00,0.00,0.00,0.00,0,0,0,0.00,0.00,0.00,0,1
4760.12,74.50,-0.41,1.36,-0.01,-0.03,-1.02,30.83,99.30,557.34,0.00,0.00,0.00,0.00,0,0,0,0.00,0.00,0.00,0,1
4760.13,74.50,-0.41,1.36,-0.01,-0.03,-1.02,30.83,99.30,557.34,0.00,0.00,0.00,0.00,0,0,0,0.00,0.00,0.00,0,1
4760.14,74.50,-0.41,1.36,-0.01,-0.03,-1.02,30.83,99.30,557.34,0.00,0.00,0.00,0.00,0,0,0,0.00,0.00,0.00,0,1
4760.15,74.50,-0.41,1.36,-0.01,-0.03,-1.02,30.83,99.30,557.34,0.00,0.00,0.00,0.00,0,0,0,0.00,0.00,0.00,0,1
4760.16,74.50,-0.41,1.36,-0.01,-0.03,-1.02,30.83,99.30,557.34,0.00,0.00,0.00,0.00,0,0,0,0.00,0.00,0.00,0,1
4760.17,74.50,-0.41,1.36,-0.01,-0.03,-1.02,30.83,99.30,557.34,0.00,0.00,0.00,0.00,0,0,0,0.00,0.00,0.00,0,1
4760.18,74.50,-0.41,1.36,-0.01,-0.03,-1.02,30.83,99.30,557.34,0.00,0.00,0.00,0.00,0,0,0,0.00,0.00,0.00,0,1
4760.19,74.50,-0.41,1.36,-0.01,-0.03,-1.02,30.83,99.30,557.34,0.00,0.00,0.00,0.00,0,0,0,0.00,0.00,0.00,0,1
4760.20,74.50,-0.41,1.36,-0.01,-0.03,-1.02,30.83,99.30,557.34,0.00,0.00,0.00,0.00,0,0,0,0.00,0.00,0.00,0,1
4760.21,74.50,-0.41,1.36,-0.01,-0.03,-1.02,30.83,99.30,557.34,0.00,0.00,0.00,0.00,0,0,0,0.00,0.00,0.00,0,1
4760.22,74.50,-0.41,1.36,-0.01,-0.03,-1.02,30.83,99.30,557.34,0.00,0.00,0.00,0.00,0,0,0,0.00,0.00,0.00,0,1
4760.23,74.50,-0.41,1.36,-0.01,-0.03,-1.02,30.83,99.30,557.34,0.00,0.00,0.00,0.00,0,0,0,0.00,0.00,0.00,0,1
4760.24,74.50,-0.41,1.36,-0.01,-0.03,-1.02,30.83,99.30,557.34,0.00,0.00,0.00,0.00,0,0,0,0.00,0.00,0.00,0,1
4760.25,74.50,-0.41,1.36,-0.01,-0.03,-1.02,30.83,99.30,557.34,0.00,0.00,0.00,0.00,0,0,0,0.00,0.00,0.00,0,1
4760.26,74.50,-0.41,1.36,-0.01,-0.03,-1.02,30.83,99.30,557.34,0.00,0.00,0.00,0.00,0,0,0,0.00,0.00,0.00,0,1
4760.27,74.50,-0.41,1.36,-0.01,-0.03,-1.02,30.83,99.30,557.34,0.00,0.00,0.00,0.00,0,0,0,0.00,0.00,0.00,0,1
4760.28,74.50,-0.41,1.36,-0.01,-0.03,-1.02,30.83,99.30,557.34,0.00,0.00,0.00,0.00,0,0,0,0.00,0.00,0.00,0,1
4760.29,74.50,-0.41,1.36,-0.01,-0.03,-1.02,30.83,99.30,557.34,0.00,0.00,0.00,0.00,0,0,0,0.00,0.00,0.00,0,1
4760.30,74.50,-0.41,1.36,-0.01,-0.03,-1.02,30.83,99.30,557.34,0.00,0.00,0.00,0.00,0,0,0,0.00,0.00,0.00,0,1
4760.31,74.50,-0.41,1.36,-0.01,-0.03,-1.02,30.83,99.30,557.34,0.00,0.00,0.00,0.00,0,0,0,0.00,0.00,0.00,0,1
4760.32,74.50,-0.41,1.36,-0.01,-0.03,-1.02,30.83,99.30,557.34,0.00,0.00,0.00,0.00,0,0,0,0.00,0.00,0.00,0,1
4760.33,74.50,-0.41,1.36,-0.01,-0.03,-1.02,30.83,99.30,557.34,0.00,0.00,0.00,0.00,0,0,0,0.00,0.00,0.00,0,1
4760.34,74.50,-0.41,1.36,-0.01,-0.03,-1.02,30.83,99.30,557.34,0.00,0.00,0.00,0.00,0,0,0,0.00,0.00,0.00,0,1
4760.35,74.50,-0.41,1.36,-0.01,-0.03,-1.02,30.83,99.30,557.34,0.00,0.00,0.00,0.00,0,0,0,0.00,0.00,0.00,0,1
4760.36,74.50,-0.41,1.36,-0.01,-0.03,-1.02,30.83,99.30,557.34,0.00,0.00,0.00,0.00,0,0,0,0.00,0.00,0.00,0,1
4760.37,74.50,-0.41,1.36,-0.01,-0.03,-1.02,30.83,99.30,557.34,0.00,0.00,0.00,0.00,0,0,0,0.00,0.00,0.00,0,1
4760.38,74.50,-0.41,1.36,-0.01,-0.03,-1.02,30.83,99.30,557.34,0.00,0.00,0.00,0.00,0,0,0,0.00,0.00,0.00,0,1
4760.39,74.50,-0.41,1.36,-0.01,-0.03,-1.02,30.83,99.30,557.34,0.00,0.00,0.00,0.00,0,0,0,0.00,0.00,0.00,0,1
4760.40,74.50,-0.41,1.36,-0.01,-0.03,-1.02,30.83,99.30,557.34,0.00,0.00,0.00,0.00,0,0,0,0.00,0.00,0.00,0,1
4760.41,74.50,-0.41,1.36,-0.01,-0.03,-1.02,30.83,99.30,557.34,0.00,0.00,0.00,0.00,0,0,0,0.00,0.00,0.00,0,1
4760.42,74.50,-0.41,1.36,-0.01,-0.03,-1.02,30.83,99.30,557.34,0.00,0.00,0.00,0.00,0,0,0,0.00,0.00,0.00,0,1
4760.43,74.50,-0.41,1.36,-0.01,-0.03,-1.02,30.83,99.30,557.34,0.00,0.00,0.00,0.00,0,0,0,0.00,0.00,0.00,0,1
4760.44,74.50,-0.41,1.36,-0.01,-0.03,-1.02,30.83,99.30,557.34,0.00,0.00,0.00,0.00,0,0,0,0.00,0.00,0.00,0,1
4760.45,74.50,-0.41,1.36,-0.01,-0.03,-1.02,30.83,99.30,557.34,0.00,0.00,0.00,0.00,0,0,0,0.00,0.00,0.00,0,1
4760.46,74.50,-0.41,1.36,-0.01,-0.03,-1.02,30.83,99.30,557.34,0.00,0.00,0.00,0.00,0,0,0,0.00,0.00,0.00,0,1
4760.47,74.50,-0.41,1.36,-0.01,-0.03,-1.02,30.83,99.30,557.34,0.00,0.00,0.00,0.00,0,0,0,0.00,0.00,0.00,0,1
4760.48,74.50,-0.41,1.36,-0.01,-0.03,-1.02,30.83,99.30,557.34,0.00,0.00,0.00,0.00,0,0,0,0.00,0.00,0.00,0,1
4760.49,74.50,-0.41,1.36,-0.01,-0.03,-1.02,30.83,99.30,557.34,0.00,0.00,0.00,0.00,0,0,0,0.00,0.00,0.00,0,1
4760.50,74.50,-0.41,1.36,-0.01,-0.03,-1.02,30.83,99.30,557.34,0.00,0.00,0.00,0.00,0,0,0,0.00,0.00,0.00,0,1
4760.51,74.50,-0.41,1.36,-0.01,-0.03,-1.02,30.83,99.30,557.34,0.00,0.00,0.00,0.00,0,0,0,0.00,0.00,0.00,0,1
4760.52,74.50,-0.41,1.36,-0.01,-0.03,-1.02,30.83,99.30,557.34,0.00,0.00,0.00,0.00,0,0,0,0.00,0.00,0.00,0,1
4760.53,74.50,-0.41,1.36,-0.01,-0.03,-1.02,30.83,99.30,557.34,0.00,0.00,0.00,0.00,0,0,0,0.00,0.00,0.00,0,1
4760.54,74.50,-0.41,1.36,-0.01,-0.03,-1.02,30.83,99.30,557.34,0.00,0.00,0.00,0.00,0,0,0,0.00,0.00,0.00,0,1
4760.55,74.50,-0.41,1.36,-0.01,-0.03,-1.02,30.83,99.30,557.34,0.00,0.00,0.00,0.00,0,0,0,0.00,0.00,0.00,0,1
4760.56,74.50,-0.41,1.36,-0.01,-0.03,-1.02,30.83,99.30,557.34,0.00,0.00,0.00,0.00,0,0,0,0.00,0.00,0.00,0,1
4760.57,74.50,-0.41,1.36,-0.01,-0.03,-1.02,30.83,99.30,557.34,0.00,0.00,0.00,0.00,0,0,0,0.00,0.00,0.00,0,1
4760.58,74.50,-0.41,1.36,-0.01,-0.03,-1.02,30.83,99.30,557.34,0.00,0.00,0.00,0.00,0,0,0,0.00,0.00,0.00,0,1
4760.59,74.50,-0.41,1.36,-0.01,-0.03,-1.02,30.83,99.30,557.34,0.00,0.00,0.00,0.00,0,0,0,0.00,0.00,0.00,0,1
4760.60,74.50,-0.41,1.36,-0.01,-0.03,-1.02,30.83,99.30,557.34,0.00,0.00,0.00,0.00,0,0,0,0.00,0.00,0.00,0,1
4760.61,74.50,-0.41,1.36,-0.01,-0.03,-1.02,30.83,99.30,557.34,0.00,0.00,0.00,0.00,0,0,0,0.00,0.00,0.00,0,1
4760.62,74.50,-0.41,1.36,-0.01,-0.03,-1.02,30.83,99.30,557.34,0.00,0.00,0.00,0.00,0,0,0,0.00,0.00,0.00,0,1
4760.63,74.50,-0.41,1.36,-0.01,-0.03,-1.02,30.83,99.30,557.34,0.00,0.00,0.00,0.00,0,0,0,0.00,0.00,0.00,0,1
4760.64,74.50,-0.41,1.36,-0.01,-0.03,-1.02,30.83,99.30,557.34,0.00,0.00,0.00,0.00,0,0,0,0.00,0.00,0.00,0,1
4760.65,74.50,-0.41,1.36,-0.01,-0.03,-1.02,30.83,99.30,557.34,0.00,0.00,0.00,0.00,0,0,0,0.00,0.00,0.00,0,1
4760.66,74.50,-0.41,1.36,-0.01,-0.03,-1.02,30.83,99.30,557.34,0.00,0.00,0.00,0.00,0,0,0,0.00,0.00,0.00,0,1
4760.67,74.50,-0.41,1.36,-0.01,-0.03,-1.02,30.83,99.30,557.34,0.00,0.00,0.00,0.00,0,0,0,0.00,0.00,0.00,0,1
4760.68,74.50,-0.41,1.36,-0.01,-0.03,-1.02,30.83,99.30,557.34,0.00,0.00,0.00,0.00,0,0,0,0.00,0.00,0.00,0,1
4760.69,74.50,-0.41,1.36,-0.01,-0.03,-1.02,30.83,99.30,557.34,0.00,0.00,0.00,0.00,0,0,0,0.00,0.00,0.00,0,1
4760.70,74.50,-0.41,1.36,-0.01,-0.03,-1.02,30.83,99.30,557.34,0.00,0.00,0.00,0.00,0,0,0,0.00,0.00,0.00,0,1
4760.71,74.50,-0.41,1.36,-0.01,-0.03,-1.02,30.83,99.30,557.34,0.00,0.00,0.00,0.00,0,0,0,0.00,0.00,0.00,0,1
4760.72,74.50,-0.41,1.36,-0.01,-0.03,-1.02,30.83,99.30,557.34,0.00,0.00,0.00,0.00,0,0,0,0.00,0.00,0.00,0,1
4760.73,74.50,-0.41,1.36,-0.01,-0.03,-1.02,30.83,99.30,557.34,0.00,0.00,0.00,0.00,0,0,0,0.00,0.00,0.00,0,1
4760.74,74.50,-0.41,1.36,-0.01,-0.03,-1.02,30.83,99.30,557.34,0.00,0.00,0.00,0.00,0,0,0,0.00,0.00,0.00,0,1
4760.75,74.50,-0.41,1.36,-0.01,-0.03,-1.02,30.83,99.30,557.34,0.00,0.00,0.00,0.00,0,0,0,0.00,0.00,0.00,0,1
4760.76,74.50,-0.41,1.36,-0.01,-0.03,-1.02,30.83,99.30,557.34,0.00,0.00,0.00,0.00,0,0,0,0.00,0.00,0.00,0,1
4760.77,74.50,-0.41,1.36,-0.01,-0.03,-1.02,30.83,99.30,557.34,0.00,0.00,0.00,0.00,0,0,0,0.00,0.00,0.00,0,1
4760.78,74.50,-0.41,1.36,-0.01,-0.03,-1.02,30.83,99.30,557.34,0.00,0.00,0.00,0.00,0,0,0,0.00,0.00,0.00,0,1
4760.79,74.50,-0.41,1.36,-0.01,-0.03,-1.02,30.83,99.30,557.34,0.00,0.00,0.00,0.00,0,0,0,0.00,0.00,0.00,0,1
4760.80,74.50,-0.41,1.36,-0.01,-0.03,-1.02,30.83,99.30,557.34,0.00,0.00,0.00,0.00,0,0,0,0.00,0.00,0.00,0,1
4760.81,74.50,-0.41,1.36,-0.01,-0.03,-1.02,30.83,99.30,557.34,0.00,0.00,0.00,0.00,0,0,0,0.00,0.00,0.00,0,1
4760.82,74.50,-0.41,1.36,-0.01,-0.03,-1.02,30.83,99.30,557.34,0.00,0.00,0.00,0.00,0,0,0,0.00,0.00,0.00,0,1
4760.83,74.50,-0.41,1.36,-0.01,-0.03,-1.02,30.83,99.30,557.34,0.00,0.00,0.00,0.00,0,0,0,0.00,0.00,0.00,0,1
4760.84,74.50,-0.41,1.36,-0.01,-0.03,-1.02,30.83,99.30,557.34,0.00,0.00,0.00,0.00,0,0,0,0.00,0.00,0.00,0,1
4760.85,74.50,-0.41,1.36,-0.01,-0.03,-1.02,30.83,99.30,557.34,0.00,0.00,0.00,0.00,0,0,0,0.00,0.00,0.00,0,1
4760.86,74.50,-0.41,1.36,-0.01,-0.03,-1.02,30.83,99.30,557.34,0.00,0.00,0.00,0.00,0,0,0,0.00,0.00,0.00,0,1
4760.87,74.50,-0.41,1.36,-0.01,-0.03,-1.02,30.83,99.30,557.34,0.00,0.00,0.00,0.00,0,0,0,0.00,0.00,0.00,0,1
4760.88,74.50,-0.41,1.36,-0.01,-0.03,-1.02,30.83,99.30,557.34,0.00,0.00,0.00,0.00,0,0,0,0.00,0.00,0.00,0,1
4760.89,74.50,-0.41,1.36,-0.01,-0.03,-1.02,30.83,99.30,557.34,0.00,0.00,0.00,0.00,0,0,0,0.00,0.00,0.00,0,1
4760.90,74.50,-0.41,1.36,-0.01,-0.03,-1.02,30.83,99.30,557.34,0.00,0.00,0.00,0.00,0,0,0,0.00,0.00,0.00,0,1
4760.91,74.50,-0.41,1.36,-0.01,-0.03,-1.02,30.83,99.30,557.34,0.00,0.00,0.00,0.00,0,0,0,0.00,0.00,0.00,0,1
4760.92,74.50,-0.41,1.36,-0.01,-0.03,-1.02,30.83,99.30,557.34,0.00,0.00,0.00,0.00,0,0,0,0.00,0.00,0.00,0,1
4760.93,74.50,-0.41,1.36,-0.01,-0.03,-1.02,30.83,99.30,557.34,0.00,0.00,0.00,0.00,0,0,0,0.00,0.00,0.00,0,1
4760.94,74.50,-0.41,1.36,-0.01,-0.03,-1.02,30.83,99.30,557.34,0.00,0.00,0.00,0.00,0,0,0,0.00,0.00,0.00,0,1
4760.95,74.50,-0.41,1.36,-0.01,-0.03,-1.02,30.83,99.30,557.34,0.00,0.00,0.00,0.00,0,0,0,0.00,0.00,0.00,0,1
4760.96,74.50,-0.41,1.36,-0.01,-0.03,-1.02,30.83,99.30,557.34,0.00,0.00,0.00,0.00,0,0,0,0.00,0.00,0.00,0,1
4760.97,74.50,-0.41,1.36,-0.01,-0.03,-1.02,30.83,99.30,557.34,0.00,0.00,0.00,0.00,0,0,0,0.00,0.00,0.00,0,1
4760.98,74.50,-0.41,1.36,-0.01,-0.03,-1.02,30.83,99.30,557.34,0.00,0.00,0.00,0.00,0,0,0,0.00,0.00,0.00,0,1
4760.99,74.50,-0.41,1.36,-0.01,-0.03,-1.02,30.83,99.30,557.34,0.00,0.00,0.00,0.00,0,0,0,0.00,0.00,0.00,0,1
4761.00,74.50,-0.41,1.36,-0.01,-0.03,-1.02,30.83,99.30,557.34,0.00,0.00,0.00,0.00,0,0,0,0.00,0.00,0.00,0,1
4761.01,74.50,-0.41,1.36,-0.01,-0.03,-1.02,30.83,99.30,557.34,0.00,0.00,0.00,0.00,0,0,0,0.00,0.00,0.00,0,1
4761.02,74.50,-0.41,1.36,-0.01,-0.03,-1.02,30.83,99.30,557.34,0.00,0.00,0.00,0.00,0,0,0,0.00,0.00,0.00,0,1
4761.03,74.50,-0.41,1.36,-0.01,-0.03,-1.02,30.83,99.30,557.34,0.00,0.00,0.00,0.00,0,0,0,0.00,0.00,0.00,0,1
4761.04,74.50,-0.41,1.36,-0.01,-0.03,-1.02,30.83,99.30,557.34,0.00,0.00,0.00,0.00,0,0,0,0.00,0.00,0.00,0,1
4761.05,74.50,-0.41,1.36,-0.01,-0.03,-1.02,30.83,99.30,557.34,0.00,0.00,0.00,0.00,0,0,0,0.00,0.00,0.00,0,1
4761.06,74.50,-0.41,1.36,-0.01,-0.03,-1.02,30.83,99.30,557.34,0.00,0.00,0.00,0.00,0,0,0,0.00,0.00,0.00,0,1
4761.07,74.50,-0.41,1.36,-0.01,-0.03,-1.02,30.83,99.30,557.34,0.00,0.00,0.00,0.00,0,0,0,0.00,0.00,0.00,0,1
4761.08,74.50,-0.41,1.36,-0.01,-0.03,-1.02,30.83,99.30,557.34,0.00,0.00,0.00,0.00,0,0,0,0.00,0.00,0.00,0,1
4761.09,74.50,-0.41,1.36,-0.01,-0.03,-1.02,30.83,99.30,557.34,0.00,0.00,0.00,0.00,0,0,0,0.00,0.00,0.00,0,1
4761.10,74.50,-0.41,1.36,-0.01,-0.03,-1.02,30.83,99.30,557.34,0.00,0.00,0.00,0.00,0,0,0,0.00,0.00,0.00,0,1
4761.11,74.50,-0.41,1.36,-0.01,-0.03,-1.02,30.83,99.30,557.34,0.00,0.00,0.00,0.00,0,0,0,0.00,0.00,0.00,0,1
4761.12,74.50,-0.41,1.36,-0.01,-0.03,-1.02,30.83,99.30,557.34,0.00,0.00,0.00,0.00,0,0,0,0.00,0.00,0.00,0,1
4761.13,74.50,-0.41,1.36,-0.01,-0.03,-1.02,30.83,99.30,557.34,0.00,0.00,0.00,0.00,0,0,0,0.00,0.00,0.00,0,1
4761.14,74.50,-0.41,1.36,-0.01,-0.03,-1.02,30.83,99.30,557.34,0.00,0.00,0.00,0.00,0,0,0,0.00,0.00,0.00,0,1
4761.15,74.50,-0.41,1.36,-0.01,-0.03,-1.02,30.83,99.30,557.34,0.00,0.00,0.00,0.00,0,0,0,0.00,0.00,0.00,0,1
4761.16,74.50,-0.41,1.36,-0.01,-0.03,-1.02,30.83,99.30,557.34,0.00,0.00,0.00,0.00,0,0,0,0.00,0.00,0.00,0,1
4761.17,74.50,-0.41,1.36,-0.01,-0.03,-1.02,30.83,99.30,557.34,0.00,0.00,0.00,0.00,0,0,0,0.00,0.00,0.00,0,1
4761.18,74.50,-0.41,1.36,-0.01,-0.03,-1.02,30.83,99.30,557.34,0.00,0.00,0.00,0.00,0,0,0,0.00,0.00,0.00,0,1
4761.19,74.50,-0.41,1.36,-0.01,-0.03,-1.02,30.83,99.30,557.34,0.00,0.00,0.00,0.00,0,0,0,0.00,0.00,0.00,0,1
4761.20,74.50,-0.41,1.36,-0.01,-0.03,-1.02,30.83,99.30,557.34,0.00,0.00,0.00,0.00,0,0,0,0.00,0.00,0.00,0,1
4761.21,74.50,-0.41,1.36,-0.01,-0.03,-1.02,30.83,99.30,557.34,0.00,0.00,0.00,0.00,0,0,0,0.00,0.00,0.00,0,1
4761.22,74.50,-0.41,1.36,-0.01,-0.03,-1.02,30.83,99.30,557.34,0.00,0.00,0.00,0.00,0,0,0,0.00,0.00,0.00,0,1
4761.23,74.50,-0.41,1.36,-0.01,-0.03,-1.02,30.83,99.30,557.34,0.00,0.00,0.00,0.00,0,0,0,0.00,0.00,0.00,0,1
4761.24,74.50,-0.41,1.36,-0.01,-0.03,-1.02,30.83,99.30,557.34,0.00,0.00,0.00,0.00,0,0,0,0.00,0.00,0.00,0,1
4761.25,74.50,-0.41,1.36,-0.01,-0.03,-1.02,30.83,99.30,557.34,0.00,0.00,0.00,0.00,0,0,0,0.00,0.00,0.00,0,1
4761.26,74.50,-0.41,1.36,-0.01,-0.03,-1.02,30.83,99.30,557.34,0.00,0.00,0.00,0.00,0,0,0,0.00,0.00,0.00,0,1
4761.27,74.50,-0.41,1.36,-0.01,-0.03,-1.02,30.83,99.30,557.34,0.00,0.00,0.00,0.00,0,0,0,0.00,0.00,0.00,0,1
4761.28,74.50,-0.41,1.36,-0.01,-0.03,-1.02,30.83,99.30,557.34,0.00,0.00,0.00,0.00,0,0,0,0.00,0.00,0.00,0,1
4761.29,74.50,-0.41,1.36,-0.01,-0.03,-1.02,30.83,99.30,557.34,0.00,0.00,0.00,0.00,0,0,0,0.00,0.00,0.00,0,1
4761.30,74.50,-0.41,1.36,-0.01,-0.03,-1.02,30.83,99.30,557.34,0.00,0.00,0.00,0.00,0,0,0,0.00,0.00,0.00,0,1
4761.31,74.50,-0.41,1.36,-0.01,-0.03,-1.02,30.83,99.30,557.34,0.00,0.00,0.00,0.00,0,0,0,0.00,0.00,0.00,0,1
4761.32,74.50,-0.41,1.36,-0.01,-0.03,-1.02,30.83,99.30,557.34,0.00,0.00,0.00,0.00,0,0,0,0.00,0.00,0.00,0,1
4761.33,74.50,-0.41,1.36,-0.01,-0.03,-1.02,30.83,99.30,557.34,0.00,0.00,0.00,0.00,0,0,0,0.00,0.00,0.00,0,1
4761.34,74.50,-0.41,1.36,-0.01,-0.03,-1.02,30.84,99.30,556.22,0.00,0.00,0.00,0.00,0,0,0,0.00,0.00,0.00,0,1
4761.35,74.50,-0.41,1.36,-0.01,-0.03,-1.02,30.84,99.31,554.01,0.00,0.00,0.00,0.00,0,0,0,0.00,0.00,0.00,0,1
4761.36,74.50,-0.41,1.36,-0.01,-0.03,-1.02,30.84,99.30,556.22,0.00,0.00,0.00,0.00,0,0,0,0.00,0.00,0.00,0,1
4761.37,74.50,-0.41,1.36,-0.01,-0.03,-1.01,30.83,99.30,557.34,0.00,0.00,0.00,0.00,0,0,0,0.00,0.00,0.00,0,1
4761.38,74.50,-0.41,1.36,-0.01,-0.03,-1.01,30.83,99.30,557.34,0.00,0.00,0.00,0.00,0,0,0,0.00,0.00,0.00,0,1
4761.39,74.50,-0.41,1.36,-0.01,-0.03,-1.01,30.83,99.30,557.34,0.00,0.00,0.00,0.00,0,0,0,0.00,0.00,0.00,0,1
4761.40,74.50,-0.41,1.36,-0.01,-0.03,-1.01,30.83,99.30,557.34,0.00,0.00,0.00,0.00,0,0,0,0.00,0.00,0.00,0,1
4761.41,74.50,-0.41,1.36,-0.01,-0.03,-1.01,30.83,99.30,557.34,0.00,0.00,0.00,0.00,0,0,0,0.00,0.00,0.00,0,1
4761.42,74.50,-0.41,1.36,-0.01,-0.03,-1.01,30.83,99.30,557.34,0.00,0.00,0.00,0.00,0,0,0,0.00,0.00,0.00,0,1
4761.43,74.50,-0.41,1.36,-0.01,-0.03,-1.01,30.83,99.30,557.34,0.00,0.00,0.00,0.00,0,0,0,0.00,0.00,0.00,0,1
4761.44,74.50,-0.41,1.36,-0.01,-0.03,-1.01,30.83,99.30,557.34,0.00,0.00,0.00,0.00,0,0,0,0.00,0.00,0.00,0,1
4761.45,74.50,-0.41,1.36,-0.01,-0.03,-1.01,30.83,99.30,557.34,0.00,0.00,0.00,0.00,0,0,0,0.00,0.00,0.00,0,1
4761.46,74.50,-0.41,1.36,-0.01,-0.03,-1.01,30.83,99.30,557.34,0.00,0.00,0.00,0.00,0,0,0,0.00,0.00,0.00,0,1
4761.47,74.50,-0.41,1.36,-0.01,-0.03,-1.01,30.83,99.30,557.34,0.00,0.00,0.00,0.00,0,0,0,0.00,0.00,0.00,0,1
4761.48,74.50,-0.41,1.36,-0.01,-0.03,-1.01,30.83,99.30,557.34,0.00,0.00,0.00,0.00,0,0,0,0.00,0.00,0.00,0,1
4761.49,74.50,-0.41,1.36,-0.01,-0.03,-1.01,30.83,99.30,557.34,0.00,0.00,0.00,0.00,0,0,0,0.00,0.00,0.00,0,1
4761.50,74.50,-0.41,1.36,-0.01,-0.03,-1.01,30.83,99.30,557.34,0.00,0.00,0.00,0.00,0,0,0,0.00,0.00,0.00,0,1
4761.51,74.50,-0.41,1.36,-0.01,-0.03,-1.01,30.83,99.30,557.34,0.00,0.00,0.00,0.00,0,0,0,0.00,0.00,0.00,0,1
4761.52,74.50,-0.41,1.36,-0.01,-0.03,-1.01,30.83,99.30,557.34,0.00,0.00,0.00,0.00,0,0,0,0.00,0.00,0.00,0,1
4761.53,74.50,-0.41,1.36,-0.01,-0.03,-1.01,30.83,99.30,557.34,0.00,0.00,0.00,0.00,0,0,0,0.00,0.00,0.00,0,1
4761.54,74.50,-0.41,1.36,-0.01,-0.03,-1.01,30.83,99.30,557.34,0.00,0.00,0.00,0.00,0,0,0,0.00,0.00,0.00,0,1
4761.55,74.50,-0.41,1.36,-0.01,-0.03,-1.01,30.83,99.30,557.34,0.00,0.00,0.00,0.00,0,0,0,0.00,0.00,0.00,0,1
4761.56,74.50,-0.41,1.36,-0.01,-0.03,-1.01,30.83,99.30,557.34,0.00,0.00,0.00,0.00,0,0,0,0.00,0.00,0.00,0,1
4761.57,74.50,-0.41,1.36,-0.01,-0.03,-1.01,30.83,99.30,557.34,0.00,0.00,0.00,0.00,0,0,0,0.00,0.00,0.00,0,1
4761.58,74.50,-0.41,1.36,-0.01,-0.03,-1.01,30.83,99.30,557.34,0.00,0.00,0.00,0.00,0,0,0,0.00,0.00,0.00,0,1
4761.59,74.50,-0.41,1.36,-0.01,-0.03,-1.01,30.83,99.30,557.34,0.00,0.00,0.00,0.00,0,0,0,0.00,0.00,0.00,0,1
4761.60,74.50,-0.41,1.36,-0.01,-0.03,-1.01,30.83,99.30,557.34,0.00,0.00,0.00,0.00,0,0,0,0.00,0.00,0.00,0,1
4761.61,74.50,-0.41,1.36,-0.01,-0.03,-1.01,30.83,99.30,557.34,0.00,0.00,0.00,0.00,0,0,0,0.00,0.00,0.00,0,1
4761.62,74.50,-0.41,1.36,-0.01,-0.03,-1.01,30.83,99.30,557.34,0.00,0.00,0.00,0.00,0,0,0,0.00,0.00,0.00,0,1
4761.63,74.50,-0.41,1.36,-0.01,-0.03,-1.01,30.83,99.30,557.34,0.00,0.00,0.00,0.00,0,0,0,0.00,0.00,0.00,0,1
4761.64,74.50,-0.41,1.36,-0.01,-0.03,-1.01,30.83,99.30,557.34,0.00,0.00,0.00,0.00,0,0,0,0.00,0.00,0.00,0,1
4761.65,74.50,-0.41,1.36,-0.01,-0.03,-1.01,30.83,99.30,557.34,0.00,0.00,0.00,0.00,0,0,0,0.00,0.00,0.00,0,1
4761.66,74.50,-0.41,1.36,-0.01,-0.03,-1.01,30.83,99.30,557.34,0.00,0.00,0.00,0.00,0,0,0,0.00,0.00,0.00,0,1
4761.67,74.50,-0.41,1.36,-0.01,-0.03,-1.01,30.83,99.30,557.34,0.00,0.00,0.00,0.00,0,0,0,0.00,0.00,0.00,0,1
4761.68,74.50,-0.41,1.36,-0.01,-0.03,-1.01,30.83,99.30,557.34,0.00,0.00,0.00,0.00,0,0,0,0.00,0.00,0.00,0,1
4761.69,74.50,-0.41,1.36,-0.01,-0.03,-1.01,30.83,99.30,557.34,0.00,0.00,0.00,0.00,0,0,0,0.00,0.00,0.00,0,1
4761.70,74.50,-0.41,1.36,-0.01,-0.03,-1.01,30.83,99.30,557.34,0.00,0.00,0.00,0.00,0,0,0,0.00,0.00,0.00,0,1
4761.71,74.50,-0.41,1.36,-0.01,-0.03,-1.01,30.83,99.30,557.34,0.00,0.00,0.00,0.00,0,0,0,0.00,0.00,0.00,0,1
4761.72,74.50,-0.41,1.36,-0.01,-0.03,-1.01,30.83,99.30,557.34,0.00,0.00,0.00,0.00,0,0,0,0.00,0.00,0.00,0,1
4761.73,74.50,-0.41,1.36,-0.01,-0.03,-1.01,30.83,99.30,557.34,0.00,0.00,0.00,0.00,0,0,0,0.00,0.00,0.00,0,1
4761.74,74.50,-0.41,1.36,-0.01,-0.03,-1.01,30.83,99.30,557.34,0.00,0.00,0.00,0.00,0,0,0,0.00,0.00,0.00,0,1
4761.75,74.50,-0.41,1.36,-0.01,-0.03,-1.01,30.83,99.30,557.34,0.00,0.00,0.00,0.00,0,0,0,0.00,0.00,0.00,0,1
4761.76,74.50,-0.41,1.36,-0.01,-0.03,-1.01,30.83,99.30,557.34,0.00,0.00,0.00,0.00,0,0,0,0.00,0.00,0.00,0,1
4761.77,74.50,-0.41,1.36,-0.01,-0.03,-1.01,30.83,99.30,557.34,0.00,0.00,0.00,0.00,0,0,0,0.00,0.00,0.00,0,1
4761.78,74.50,-0.41,1.36,-0.01,-0.03,-1.01,30.83,99.30,557.34,0.00,0.00,0.00,0.00,0,0,0,0.00,0.00,0.00,0,1
4761.79,74.50,-0.41,1.36,-0.01,-0.03,-1.01,30.83,99.30,557.34,0.00,0.00,0.00,0.00,0,0,0,0.00,0.00,0.00,0,1
4761.80,74.50,-0.41,1.36,-0.01,-0.03,-1.01,30.83,99.30,557.34,0.00,0.00,0.00,0.00,0,0,0,0.00,0.00,0.00,0,1
4761.81,74.50,-0.41,1.36,-0.01,-0.03,-1.01,30.83,99.30,557.34,0.00,0.00,0.00,0.00,0,0,0,0.00,0.00,0.00,0,1
4761.82,74.50,-0.41,1.36,-0.01,-0.03,-1.01,30.83,99.30,557.34,0.00,0.00,0.00,0.00,0,0,0,0.00,0.00,0.00,0,1
4761.83,74.50,-0.41,1.36,-0.01,-0.03,-1.01,30.83,99.30,557.34,0.00,0.00,0.00,0.00,0,0,0,0.00,0.00,0.00,0,1
4761.84,74.50,-0.41,1.36,-0.01,-0.03,-1.01,30.83,99.30,557.34,0.00,0.00,0.00,0.00,0,0,0,0.00,0.00,0.00,0,1
4761.85,74.50,-0.41,1.36,-0.01,-0.03,-1.01,30.83,99.30,557.34,0.00,0.00,0.00,0.00,0,0,0,0.00,0.00,0.00,0,1
4761.86,74.50,-0.41,1.36,-0.01,-0.03,-1.01,30.83,99.30,557.34,0.00,0.00,0.00,0.00,0,0,0,0.00,0.00,0.00,0,1
4761.87,74.50,-0.41,1.36,-0.01,-0.03,-1.01,30.83,99.30,557.34,0.00,0.00,0.00,0.00,0,0,0,0.00,0.00,0.00,0,1
4761.88,74.50,-0.41,1.36,-0.01,-0.03,-1.01,30.83,99.30,557.34,0.00,0.00,0.00,0.00,0,0,0,0.00,0.00,0.00,0,1
4761.89,74.50,-0.41,1.36,-0.01,-0.03,-1.01,30.83,99.30,557.34,0.00,0.00,0.00,0.00,0,0,0,0.00,0.00,0.00,0,1
4761.90,74.50,-0.41,1.36,-0.01,-0.03,-1.01,30.83,99.30,557.34,0.00,0.00,0.00,0.00,0,0,0,0.00,0.00,0.00,0,1
4761.91,74.50,-0.41,1.36,-0.01,-0.03,-1.01,30.83,99.30,557.34,0.00,0.00,0.00,0.00,0,0,0,0.00,0.00,0.00,0,1
4761.92,74.50,-0.41,1.36,-0.01,-0.03,-1.01,30.83,99.30,557.34,0.00,0.00,0.00,0.00,0,0,0,0.00,0.00,0.00,0,1
4761.93,74.50,-0.41,1.36,-0.01,-0.03,-1.01,30.83,99.30,557.34,0.00,0.00,0.00,0.00,0,0,0,0.00,0.00,0.00,0,1
4761.94,74.50,-0.41,1.36,-0.01,-0.03,-1.01,30.83,99.30,557.34,0.00,0.00,0.00,0.00,0,0,0,0.00,0.00,0.00,0,1
4761.96,74.50,-0.41,1.36,-0.01,-0.03,-1.01,30.83,99.30,557.34,0.00,0.00,0.00,0.00,0,0,0,0.00,0.00,0.00,0,1
4761.97,74.50,-0.41,1.36,-0.01,-0.03,-1.01,30.83,99.30,557.34,0.00,0.00,0.00,0.00,0,0,0,0.00,0.00,0.00,0,1
4761.98,74.50,-0.41,1.36,-0.01,-0.03,-1.01,30.83,99.30,557.34,0.00,0.00,0.00,0.00,0,0,0,0.00,0.00,0.00,0,1
4761.99,74.50,-0.41,1.36,-0.01,-0.03,-1.01,30.83,99.30,557.34,0.00,0.00,0.00,0.00,0,0,0,0.00,0.00,0.00,0,1
4762.00,74.50,-0.41,1.36,-0.01,-0.03,-1.01,30.83,99.30,557.34,0.00,0.00,0.00,0.00,0,0,0,0.00,0.00,0.00,0,1
4762.01,74.50,-0.41,1.36,-0.01,-0.03,-1.01,30.83,99.30,557.34,0.00,0.00,0.00,0.00,0,0,0,0.00,0.00,0.00,0,1
4762.02,74.50,-0.41,1.36,-0.01,-0.03,-1.01,30.83,99.30,557.34,0.00,0.00,0.00,0.00,0,0,0,0.00,0.00,0.00,0,1
4762.03,74.50,-0.41,1.36,-0.01,-0.03,-1.01,30.83,99.30,557.34,0.00,0.00,0.00,0.00,0,0,0,0.00,0.00,0.00,0,1
4762.04,74.50,-0.41,1.36,-0.01,-0.03,-1.01,30.83,99.30,557.34,0.00,0.00,0.00,0.00,0,0,0,0.00,0.00,0.00,0,1
4762.05,74.50,-0.41,1.36,-0.01,-0.03,-1.01,30.83,99.30,557.34,0.00,0.00,0.00,0.00,0,0,0,0.00,0.00,0.00,0,1
4762.06,74.50,-0.41,1.36,-0.01,-0.03,-1.01,30.83,99.30,557.34,0.00,0.00,0.00,0.00,0,0,0,0.00,0.00,0.00,0,1
4762.07,74.50,-0.41,1.36,-0.01,-0.03,-1.01,30.83,99.30,557.34,0.00,0.00,0.00,0.00,0,0,0,0.00,0.00,0.00,0,1
4762.08,74.50,-0.41,1.36,-0.01,-0.03,-1.01,30.83,99.30,557.34,0.00,0.00,0.00,0.00,0,0,0,0.00,0.00,0.00,0,1
4762.09,74.50,-0.41,1.36,-0.01,-0.03,-1.01,30.83,99.30,557.34,0.00,0.00,0.00,0.00,0,0,0,0.00,0.00,0.00,0,1
4762.10,74.50,-0.41,1.36,-0.01,-0.03,-1.01,30.83,99.30,557.34,0.00,0.00,0.00,0.00,0,0,0,0.00,0.00,0.00,0,1
4762.11,74.50,-0.41,1.36,-0.01,-0.03,-1.01,30.83,99.30,557.34,0.00,0.00,0.00,0.00,0,0,0,0.00,0.00,0.00,0,1
4762.12,74.50,-0.41,1.36,-0.01,-0.03,-1.01,30.83,99.30,557.34,0.00,0.00,0.00,0.00,0,0,0,0.00,0.00,0.00,0,1
4762.13,74.50,-0.41,1.36,-0.01,-0.03,-1.01,30.83,99.30,557.34,0.00,0.00,0.00,0.00,0,0,0,0.00,0.00,0.00,0,1
4762.14,74.50,-0.41,1.36,-0.01,-0.03,-1.01,30.83,99.30,557.34,0.00,0.00,0.00,0.00,0,0,0,0.00,0.00,0.00,0,1
4762.15,74.50,-0.41,1.36,-0.01,-0.03,-1.01,30.83,99.30,557.34,0.00,0.00,0.00,0.00,0,0,0,0.00,0.00,0.00,0,1
4762.16,74.50,-0.41,1.36,-0.01,-0.03,-1.01,30.83,99.30,557.34,0.00,0.00,0.00,0.00,0,0,0,0.00,0.00,0.00,0,1
4762.17,74.50,-0.41,1.36,-0.01,-0.03,-1.01,30.83,99.30,557.34,0.00,0.00,0.00,0.00,0,0,0,0.00,0.00,0.00,0,1
4762.18,74.50,-0.41,1.36,-0.01,-0.03,-1.01,30.83,99.30,557.34,0.00,0.00,0.00,0.00,0,0,0,0.00,0.00,0.00,0,1
4762.19,74.50,-0.41,1.36,-0.01,-0.03,-1.01,30.83,99.30,557.34,0.00,0.00,0.00,0.00,0,0,0,0.00,0.00,0.00,0,1
4762.20,74.50,-0.41,1.36,-0.01,-0.03,-1.01,30.83,99.30,557.34,0.00,0.00,0.00,0.00,0,0,0,0.00,0.00,0.00,0,1
4762.21,74.50,-0.41,1.36,-0.01,-0.03,-1.01,30.83,99.30,557.34,0.00,0.00,0.00,0.00,0,0,0,0.00,0.00,0.00,0,1
4762.22,74.50,-0.41,1.36,-0.01,-0.03,-1.01,30.83,99.30,557.34,0.00,0.00,0.00,0.00,0,0,0,0.00,0.00,0.00,0,1
4762.23,74.50,-0.41,1.36,-0.01,-0.03,-1.01,30.83,99.30,557.34,0.00,0.00,0.00,0.00,0,0,0,0.00,0.00,0.00,0,1
4762.24,74.50,-0.41,1.36,-0.01,-0.03,-1.01,30.83,99.30,557.34,0.00,0.00,0.00,0.00,0,0,0,0.00,0.00,0.00,0,1
4762.25,74.50,-0.41,1.36,-0.01,-0.03,-1.01,30.83,99.30,557.34,0.00,0.00,0.00,0.00,0,0,0,0.00,0.00,0.00,0,1
4762.26,74.50,-0.41,1.36,-0.01,-0.03,-1.01,30.83,99.30,557.34,0.00,0.00,0.00,0.00,0,0,0,0.00,0.00,0.00,0,1
4762.27,74.50,-0.41,1.36,-0.01,-0.03,-1.01,30.83,99.30,557.34,0.00,0.00,0.00,0.00,0,0,0,0.00,0.00,0.00,0,1
4762.28,74.50,-0.41,1.36,-0.01,-0.03,-1.01,30.83,99.30,557.34,0.00,0.00,0.00,0.00,0,0,0,0.00,0.00,0.00,0,1
4762.29,74.50,-0.41,1.36,-0.01,-0.03,-1.01,30.83,99.30,557.34,0.00,0.00,0.00,0.00,0,0,0,0.00,0.00,0.00,0,1
4762.30,74.50,-0.41,1.36,-0.01,-0.03,-1.01,30.83,99.30,557.34,0.00,0.00,0.00,0.00,0,0,0,0.00,0.00,0.00,0,1
4762.31,74.50,-0.41,1.36,-0.01,-0.03,-1.01,30.83,99.30,557.34,0.00,0.00,0.00,0.00,0,0,0,0.00,0.00,0.00,0,1
4762.32,74.50,-0.41,1.36,-0.01,-0.03,-1.01,30.83,99.30,557.34,0.00,0.00,0.00,0.00,0,0,0,0.00,0.00,0.00,0,1
4762.33,74.50,-0.41,1.36,-0.01,-0.03,-1.01,30.83,99.30,557.34,0.00,0.00,0.00,0.00,0,0,0,0.00,0.00,0.00,0,1
4762.34,74.50,-0.41,1.36,-0.01,-0.03,-1.01,30.83,99.30,557.34,0.00,0.00,0.00,0.00,0,0,0,0.00,0.00,0.00,0,1
4762.35,74.50,-0.41,1.36,-0.01,-0.03,-1.01,30.83,99.30,557.34,0.00,0.00,0.00,0.00,0,0,0,0.00,0.00,0.00,0,1
4762.36,74.50,-0.41,1.36,-0.01,-0.03,-1.01,30.83,99.30,557.34,0.00,0.00,0.00,0.00,0,0,0,0.00,0.00,0.00,0,1
4762.37,74.50,-0.41,1.36,-0.01,-0.03,-1.01,30.83,99.30,557.34,0.00,0.00,0.00,0.00,0,0,0,0.00,0.00,0.00,0,1
4762.38,74.50,-0.41,1.36,-0.01,-0.03,-1.01,30.83,99.30,557.34,0.00,0.00,0.00,0.00,0,0,0,0.00,0.00,0.00,0,1
4762.39,74.50,-0.41,1.36,-0.01,-0.03,-1.01,30.83,99.30,557.34,0.00,0.00,0.00,0.00,0,0,0,0.00,0.00,0.00,0,1
4762.40,74.50,-0.41,1.36,-0.01,-0.03,-1.01,30.83,99.30,557.34,0.00,0.00,0.00,0.00,0,0,0,0.00,0.00,0.00,0,1
4762.41,74.50,-0.41,1.36,-0.01,-0.03,-1.01,30.83,99.30,557.34,0.00,0.00,0.00,0.00,0,0,0,0.00,0.00,0.00,0,1
4762.42,74.50,-0.41,1.36,-0.01,-0.03,-1.01,30.83,99.30,557.34,0.00,0.00,0.00,0.00,0,0,0,0.00,0.00,0.00,0,1
4762.43,74.50,-0.41,1.36,-0.01,-0.03,-1.01,30.83,99.30,557.34,0.00,0.00,0.00,0.00,0,0,0,0.00,0.00,0.00,0,1
4762.44,74.50,-0.41,1.36,-0.01,-0.03,-1.01,30.83,99.30,557.34,0.00,0.00,0.00,0.00,0,0,0,0.00,0.00,0.00,0,1
4762.45,74.50,-0.41,1.36,-0.01,-0.03,-1.01,30.83,99.30,557.34,0.00,0.00,0.00,0.00,0,0,0,0.00,0.00,0.00,0,1
4762.46,74.50,-0.41,1.36,-0.01,-0.03,-1.01,30.83,99.30,557.34,0.00,0.00,0.00,0.00,0,0,0,0.00,0.00,0.00,0,1
4762.47,74.50,-0.41,1.36,-0.01,-0.03,-1.01,30.83,99.30,557.34,0.00,0.00,0.00,0.00,0,0,0,0.00,0.00,0.00,0,1
4762.48,74.50,-0.41,1.36,-0.01,-0.03,-1.01,30.83,99.30,557.34,0.00,0.00,0.00,0.00,0,0,0,0.00,0.00,0.00,0,1
4762.49,74.50,-0.41,1.36,-0.01,-0.03,-1.01,30.83,99.30,557.34,0.00,0.00,0.00,0.00,0,0,0,0.00,0.00,0.00,0,1
4762.50,74.50,-0.41,1.36,-0.01,-0.03,-1.01,30.83,99.30,557.34,0.00,0.00,0.00,0.00,0,0,0,0.00,0.00,0.00,0,1
4762.51,74.50,-0.41,1.36,-0.01,-0.03,-1.01,30.83,99.30,557.34,0.00,0.00,0.00,0.00,0,0,0,0.00,0.00,0.00,0,1
4762.52,74.50,-0.41,1.36,-0.01,-0.03,-1.01,30.83,99.30,557.34,0.00,0.00,0.00,0.00,0,0,0,0.00,0.00,0.00,0,1
4762.53,74.50,-0.41,1.36,-0.01,-0.03,-1.01,30.83,99.30,557.34,0.00,0.00,0.00,0.00,0,0,0,0.00,0.00,0.00,0,1
4762.54,74.50,-0.41,1.36,-0.01,-0.03,-1.01,30.83,99.30,557.34,0.00,0.00,0.00,0.00,0,0,0,0.00,0.00,0.00,0,1
4762.55,74.50,-0.41,1.36,-0.01,-0.03,-1.01,30.83,99.30,557.34,0.00,0.00,0.00,0.00,0,0,0,0.00,0.00,0.00,0,1
4762.56,74.50,-0.41,1.36,-0.01,-0.03,-1.01,30.83,99.30,557.34,0.00,0.00,0.00,0.00,0,0,0,0.00,0.00,0.00,0,1
4762.57,74.50,-0.41,1.36,-0.01,-0.03,-1.01,30.83,99.30,557.34,0.00,0.00,0.00,0.00,0,0,0,0.00,0.00,0.00,0,1
4762.58,74.50,-0.41,1.36,-0.01,-0.03,-1.01,30.83,99.30,557.34,0.00,0.00,0.00,0.00,0,0,0,0.00,0.00,0.00,0,1
4762.59,74.50,-0.41,1.36,-0.01,-0.03,-1.01,30.83,99.30,557.34,0.00,0.00,0.00,0.00,0,0,0,0.00,0.00,0.00,0,1
4762.60,74.50,-0.41,1.36,-0.01,-0.03,-1.01,30.83,99.30,557.34,0.00,0.00,0.00,0.00,0,0,0,0.00,0.00,0.00,0,1
4762.61,74.50,-0.41,1.36,-0.01,-0.03,-1.01,30.83,99.31,554.01,0.00,0.00,0.00,0.00,0,0,0,0.00,0.00,0.00,0,1
4762.62,74.50,-0.41,1.36,-0.01,-0.03,-1.01,30.83,99.32,552.90,0.00,0.00,0.00,0.00,0,0,0,0.00,0.00,0.00,0,1
4762.63,74.50,-0.41,1.36,-0.01,-0.02,-1.01,30.84,99.32,552.90,0.00,0.00,0.00,0.00,0,0,0,0.00,0.00,0.00,0,1
4762.64,74.50,-0.41,1.36,-0.01,-0.03,-1.02,30.84,99.30,557.34,0.00,0.00,0.00,0.00,0,0,0,0.00,0.00,0.00,0,1
4762.65,74.50,-0.41,1.36,-0.01,-0.03,-1.02,30.84,99.30,557.34,0.00,0.00,0.00,0.00,0,0,0,0.00,0.00,0.00,0,1
4762.66,74.50,-0.41,1.36,-0.01,-0.03,-1.02,30.84,99.30,557.34,0.00,0.00,0.00,0.00,0,0,0,0.00,0.00,0.00,0,1
4762.67,74.50,-0.41,1.36,-0.01,-0.03,-1.02,30.84,99.30,557.34,0.00,0.00,0.00,0.00,0,0,0,0.00,0.00,0.00,0,1
4762.68,74.50,-0.41,1.36,-0.01,-0.03,-1.02,30.84,99.30,557.34,0.00,0.00,0.00,0.00,0,0,0,0.00,0.00,0.00,0,1
4762.69,74.50,-0.41,1.36,-0.01,-0.03,-1.02,30.84,99.30,557.34,0.00,0.00,0.00,0.00,0,0,0,0.00,0.00,0.00,0,1
4762.70,74.50,-0.41,1.36,-0.01,-0.03,-1.02,30.84,99.30,557.34,0.00,0.00,0.00,0.00,0,0,0,0.00,0.00,0.00,0,1
4762.71,74.50,-0.41,1.36,-0.01,-0.03,-1.02,30.84,99.30,557.34,0.00,0.00,0.00,0.00,0,0,0,0.00,0.00,0.00,0,1
4762.72,74.50,-0.41,1.36,-0.01,-0.03,-1.02,30.84,99.30,557.34,0.00,0.00,0.00,0.00,0,0,0,0.00,0.00,0.00,0,1
4762.73,74.50,-0.41,1.36,-0.01,-0.03,-1.02,30.84,99.30,557.34,0.00,0.00,0.00,0.00,0,0,0,0.00,0.00,0.00,0,1
4762.74,74.50,-0.41,1.36,-0.01,-0.03,-1.02,30.84,99.30,557.34,0.00,0.00,0.00,0.00,0,0,0,0.00,0.00,0.00,0,1
4762.75,74.50,-0.41,1.36,-0.01,-0.03,-1.02,30.84,99.30,557.34,0.00,0.00,0.00,0.00,0,0,0,0.00,0.00,0.00,0,1
4762.76,74.50,-0.41,1.36,-0.01,-0.03,-1.02,30.84,99.30,557.34,0.00,0.00,0.00,0.00,0,0,0,0.00,0.00,0.00,0,1
4762.77,74.50,-0.41,1.36,-0.01,-0.03,-1.02,30.84,99.30,557.34,0.00,0.00,0.00,0.00,0,0,0,0.00,0.00,0.00,0,1
4762.78,74.50,-0.41,1.36,-0.01,-0.03,-1.02,30.84,99.30,557.34,0.00,0.00,0.00,0.00,0,0,0,0.00,0.00,0.00,0,1
4762.79,74.50,-0.41,1.36,-0.01,-0.03,-1.02,30.84,99.30,557.34,0.00,0.00,0.00,0.00,0,0,0,0.00,0.00,0.00,0,1
4762.80,74.50,-0.41,1.36,-0.01,-0.03,-1.02,30.84,99.30,557.34,0.00,0.00,0.00,0.00,0,0,0,0.00,0.00,0.00,0,1
4762.81,74.50,-0.41,1.36,-0.01,-0.03,-1.02,30.84,99.30,557.34,0.00,0.00,0.00,0.00,0,0,0,0.00,0.00,0.00,0,1
4762.82,74.50,-0.41,1.36,-0.01,-0.03,-1.02,30.84,99.30,557.34,0.00,0.00,0.00,0.00,0,0,0,0.00,0.00,0.00,0,1
4762.83,74.50,-0.41,1.36,-0.01,-0.03,-1.02,30.84,99.30,557.34,0.00,0.00,0.00,0.00,0,0,0,0.00,0.00,0.00,0,1
4762.84,74.50,-0.41,1.36,-0.01,-0.03,-1.02,30.84,99.30,557.34,0.00,0.00,0.00,0.00,0,0,0,0.00,0.00,0.00,0,1
4762.85,74.50,-0.41,1.36,-0.01,-0.03,-1.02,30.84,99.30,557.34,0.00,0.00,0.00,0.00,0,0,0,0.00,0.00,0.00,0,1
4762.86,74.50,-0.41,1.36,-0.01,-0.03,-1.02,30.84,99.30,557.34,0.00,0.00,0.00,0.00,0,0,0,0.00,0.00,0.00,0,1
4762.87,74.50,-0.41,1.36,-0.01,-0.03,-1.02,30.84,99.30,557.34,0.00,0.00,0.00,0.00,0,0,0,0.00,0.00,0.00,0,1
4762.88,74.50,-0.41,1.36,-0.01,-0.03,-1.02,30.84,99.30,557.34,0.00,0.00,0.00,0.00,0,0,0,0.00,0.00,0.00,0,1
4762.89,74.50,-0.41,1.36,-0.01,-0.03,-1.02,30.84,99.30,557.34,0.00,0.00,0.00,0.00,0,0,0,0.00,0.00,0.00,0,1
4762.90,74.50,-0.41,1.36,-0.01,-0.03,-1.02,30.84,99.30,557.34,0.00,0.00,0.00,0.00,0,0,0,0.00,0.00,0.00,0,1
4762.91,74.50,-0.41,1.36,-0.01,-0.03,-1.02,30.84,99.30,557.34,0.00,0.00,0.00,0.00,0,0,0,0.00,0.00,0.00,0,1
4762.92,74.50,-0.41,1.36,-0.01,-0.03,-1.02,30.84,99.30,557.34,0.00,0.00,0.00,0.00,0,0,0,0.00,0.00,0.00,0,1
4762.93,74.50,-0.41,1.36,-0.01,-0.03,-1.02,30.84,99.30,557.34,0.00,0.00,0.00,0.00,0,0,0,0.00,0.00,0.00,0,1
4762.94,74.50,-0.41,1.36,-0.01,-0.03,-1.02,30.84,99.30,557.34,0.00,0.00,0.00,0.00,0,0,0,0.00,0.00,0.00,0,1
4762.95,74.50,-0.41,1.36,-0.01,-0.03,-1.02,30.84,99.30,557.34,0.00,0.00,0.00,0.00,0,0,0,0.00,0.00,0.00,0,1
4762.96,74.50,-0.41,1.36,-0.01,-0.03,-1.02,30.84,99.30,557.34,0.00,0.00,0.00,0.00,0,0,0,0.00,0.00,0.00,0,1
4762.97,74.50,-0.41,1.36,-0.01,-0.03,-1.02,30.84,99.30,557.34,0.00,0.00,0.00,0.00,0,0,0,0.00,0.00,0.00,0,1
4762.98,74.50,-0.41,1.36,-0.01,-0.03,-1.02,30.84,99.30,557.34,0.00,0.00,0.00,0.00,0,0,0,0.00,0.00,0.00,0,1
4762.99,74.50,-0.41,1.36,-0.01,-0.03,-1.02,30.84,99.30,557.34,0.00,0.00,0.00,0.00,0,0,0,0.00,0.00,0.00,0,1
4763.00,74.50,-0.41,1.36,-0.01,-0.03,-1.02,30.84,99.30,557.34,0.00,0.00,0.00,0.00,0,0,0,0.00,0.00,0.00,0,1
4763.01,74.50,-0.41,1.36,-0.01,-0.03,-1.02,30.84,99.30,557.34,0.00,0.00,0.00,0.00,0,0,0,0.00,0.00,0.00,0,1
4763.02,74.50,-0.41,1.36,-0.01,-0.03,-1.02,30.84,99.30,557.34,0.00,0.00,0.00,0.00,0,0,0,0.00,0.00,0.00,0,1
4763.03,74.50,-0.41,1.36,-0.01,-0.03,-1.02,30.84,99.30,557.34,0.00,0.00,0.00,0.00,0,0,0,0.00,0.00,0.00,0,1
4763.04,74.50,-0.41,1.36,-0.01,-0.03,-1.02,30.84,99.30,557.34,0.00,0.00,0.00,0.00,0,0,0,0.00,0.00,0.00,0,1
4763.05,74.50,-0.41,1.36,-0.01,-0.03,-1.02,30.84,99.30,557.34,0.00,0.00,0.00,0.00,0,0,0,0.00,0.00,0.00,0,1
4763.06,74.50,-0.41,1.36,-0.01,-0.03,-1.02,30.84,99.30,557.34,0.00,0.00,0.00,0.00,0,0,0,0.00,0.00,0.00,0,1
4763.07,74.50,-0.41,1.36,-0.01,-0.03,-1.02,30.84,99.30,557.34,0.00,0.00,0.00,0.00,0,0,0,0.00,0.00,0.00,0,1
4763.08,74.50,-0.41,1.36,-0.01,-0.03,-1.02,30.84,99.30,557.34,0.00,0.00,0.00,0.00,0,0,0,0.00,0.00,0.00,0,1
4763.09,74.50,-0.41,1.36,-0.01,-0.03,-1.02,30.84,99.30,557.34,0.00,0.00,0.00,0.00,0,0,0,0.00,0.00,0.00,0,1
4763.10,74.50,-0.41,1.36,-0.01,-0.03,-1.02,30.84,99.30,557.34,0.00,0.00,0.00,0.00,0,0,0,0.00,0.00,0.00,0,1
4763.11,74.50,-0.41,1.36,-0.01,-0.03,-1.02,30.84,99.30,557.34,0.00,0.00,0.00,0.00,0,0,0,0.00,0.00,0.00,0,1
4763.12,74.50,-0.41,1.36,-0.01,-0.03,-1.02,30.84,99.30,557.34,0.00,0.00,0.00,0.00,0,0,0,0.00,0.00,0.00,0,1
4763.13,74.50,-0.41,1.36,-0.01,-0.03,-1.02,30.84,99.30,557.34,0.00,0.00,0.00,0.00,0,0,0,0.00,0.00,0.00,0,1
4763.14,74.50,-0.41,1.36,-0.01,-0.03,-1.02,30.84,99.30,557.34,0.00,0.00,0.00,0.00,0,0,0,0.00,0.00,0.00,0,1
4763.15,74.50,-0.41,1.36,-0.01,-0.03,-1.02,30.84,99.30,557.34,0.00,0.00,0.00,0.00,0,0,0,0.00,0.00,0.00,0,1
4763.16,74.50,-0.41,1.36,-0.01,-0.03,-1.02,30.84,99.30,557.34,0.00,0.00,0.00,0.00,0,0,0,0.00,0.00,0.00,0,1
4763.17,74.50,-0.41,1.36,-0.01,-0.03,-1.02,30.84,99.30,557.34,0.00,0.00,0.00,0.00,0,0,0,0.00,0.00,0.00,0,1
4763.18,74.50,-0.41,1.36,-0.01,-0.03,-1.02,30.84,99.30,557.34,0.00,0.00,0.00,0.00,0,0,0,0.00,0.00,0.00,0,1
4763.19,74.50,-0.41,1.36,-0.01,-0.03,-1.02,30.84,99.30,557.34,0.00,0.00,0.00,0.00,0,0,0,0.00,0.00,0.00,0,1
4763.20,74.50,-0.41,1.36,-0.01,-0.03,-1.02,30.84,99.30,557.34,0.00,0.00,0.00,0.00,0,0,0,0.00,0.00,0.00,0,1
4763.21,74.50,-0.41,1.36,-0.01,-0.03,-1.02,30.84,99.30,557.34,0.00,0.00,0.00,0.00,0,0,0,0.00,0.00,0.00,0,1
4763.22,74.50,-0.41,1.36,-0.01,-0.03,-1.02,30.84,99.30,557.34,0.00,0.00,0.00,0.00,0,0,0,0.00,0.00,0.00,0,1
4763.23,74.50,-0.41,1.36,-0.01,-0.03,-1.02,30.84,99.30,557.34,0.00,0.00,0.00,0.00,0,0,0,0.00,0.00,0.00,0,1
4763.24,74.50,-0.41,1.36,-0.01,-0.03,-1.02,30.84,99.30,557.34,0.00,0.00,0.00,0.00,0,0,0,0.00,0.00,0.00,0,1
4763.25,74.50,-0.41,1.36,-0.01,-0.03,-1.02,30.84,99.30,557.34,0.00,0.00,0.00,0.00,0,0,0,0.00,0.00,0.00,0,1
4763.26,74.50,-0.41,1.36,-0.01,-0.03,-1.02,30.84,99.30,557.34,0.00,0.00,0.00,0.00,0,0,0,0.00,0.00,0.00,0,1
4763.27,74.50,-0.41,1.36,-0.01,-0.03,-1.02,30.84,99.30,557.34,0.00,0.00,0.00,0.00,0,0,0,0.00,0.00,0.00,0,1
4763.28,74.50,-0.41,1.36,-0.01,-0.03,-1.02,30.84,99.30,557.34,0.00,0.00,0.00,0.00,0,0,0,0.00,0.00,0.00,0,1
4763.29,74.50,-0.41,1.36,-0.01,-0.03,-1.02,30.84,99.30,557.34,0.00,0.00,0.00,0.00,0,0,0,0.00,0.00,0.00,0,1
4763.30,74.50,-0.41,1.36,-0.01,-0.03,-1.02,30.84,99.30,557.34,0.00,0.00,0.00,0.00,0,0,0,0.00,0.00,0.00,0,1
4763.31,74.50,-0.41,1.36,-0.01,-0.03,-1.02,30.84,99.30,557.34,0.00,0.00,0.00,0.00,0,0,0,0.00,0.00,0.00,0,1
4763.32,74.50,-0.41,1.36,-0.01,-0.03,-1.02,30.84,99.30,557.34,0.00,0.00,0.00,0.00,0,0,0,0.00,0.00,0.00,0,1
4763.33,74.50,-0.41,1.36,-0.01,-0.03,-1.02,30.84,99.30,557.34,0.00,0.00,0.00,0.00,0,0,0,0.00,0.00,0.00,0,1
4763.34,74.50,-0.41,1.36,-0.01,-0.03,-1.02,30.84,99.30,557.34,0.00,0.00,0.00,0.00,0,0,0,0.00,0.00,0.00,0,1
4763.35,74.50,-0.41,1.36,-0.01,-0.03,-1.02,30.84,99.30,557.34,0.00,0.00,0.00,0.00,0,0,0,0.00,0.00,0.00,0,1
4763.36,74.50,-0.41,1.36,-0.01,-0.03,-1.02,30.84,99.30,557.34,0.00,0.00,0.00,0.00,0,0,0,0.00,0.00,0.00,0,1
4763.37,74.50,-0.41,1.36,-0.01,-0.03,-1.02,30.84,99.30,557.34,0.00,0.00,0.00,0.00,0,0,0,0.00,0.00,0.00,0,1
4763.38,74.50,-0.41,1.36,-0.01,-0.03,-1.02,30.84,99.30,557.34,0.00,0.00,0.00,0.00,0,0,0,0.00,0.00,0.00,0,1
4763.39,74.50,-0.41,1.36,-0.01,-0.03,-1.02,30.84,99.30,557.34,0.00,0.00,0.00,0.00,0,0,0,0.00,0.00,0.00,0,1
4763.40,74.50,-0.41,1.36,-0.01,-0.03,-1.02,30.84,99.30,557.34,0.00,0.00,0.00,0.00,0,0,0,0.00,0.00,0.00,0,1
4763.41,74.50,-0.41,1.36,-0.01,-0.03,-1.02,30.84,99.30,557.34,0.00,0.00,0.00,0.00,0,0,0,0.00,0.00,0.00,0,1
4763.42,74.50,-0.41,1.36,-0.01,-0.03,-1.02,30.84,99.30,557.34,0.00,0.00,0.00,0.00,0,0,0,0.00,0.00,0.00,0,1
4763.43,74.50,-0.41,1.36,-0.01,-0.03,-1.02,30.84,99.30,557.34,0.00,0.00,0.00,0.00,0,0,0,0.00,0.00,0.00,0,1
4763.44,74.50,-0.41,1.36,-0.01,-0.03,-1.02,30.84,99.30,557.34,0.00,0.00,0.00,0.00,0,0,0,0.00,0.00,0.00,0,1
4763.45,74.50,-0.41,1.36,-0.01,-0.03,-1.02,30.84,99.30,557.34,0.00,0.00,0.00,0.00,0,0,0,0.00,0.00,0.00,0,1
4763.46,74.50,-0.41,1.36,-0.01,-0.03,-1.02,30.84,99.30,557.34,0.00,0.00,0.00,0.00,0,0,0,0.00,0.00,0.00,0,1
4763.47,74.50,-0.41,1.36,-0.01,-0.03,-1.02,30.84,99.30,557.34,0.00,0.00,0.00,0.00,0,0,0,0.00,0.00,0.00,0,1
4763.48,74.50,-0.41,1.36,-0.01,-0.03,-1.02,30.84,99.30,557.34,0.00,0.00,0.00,0.00,0,0,0,0.00,0.00,0.00,0,1
4763.49,74.50,-0.41,1.36,-0.01,-0.03,-1.02,30.84,99.30,557.34,0.00,0.00,0.00,0.00,0,0,0,0.00,0.00,0.00,0,1
4763.50,74.50,-0.41,1.36,-0.01,-0.03,-1.02,30.84,99.30,557.34,0.00,0.00,0.00,0.00,0,0,0,0.00,0.00,0.00,0,1
4763.51,74.50,-0.41,1.36,-0.01,-0.03,-1.02,30.84,99.30,557.34,0.00,0.00,0.00,0.00,0,0,0,0.00,0.00,0.00,0,1
4763.52,74.50,-0.41,1.36,-0.01,-0.03,-1.02,30.84,99.30,557.34,0.00,0.00,0.00,0.00,0,0,0,0.00,0.00,0.00,0,1
4763.53,74.50,-0.41,1.36,-0.01,-0.03,-1.02,30.84,99.30,557.34,0.00,0.00,0.00,0.00,0,0,0,0.00,0.00,0.00,0,1
4763.54,74.50,-0.41,1.36,-0.01,-0.03,-1.02,30.84,99.30,557.34,0.00,0.00,0.00,0.00,0,0,0,0.00,0.00,0.00,0,1
4763.55,74.50,-0.41,1.36,-0.01,-0.03,-1.02,30.84,99.30,557.34,0.00,0.00,0.00,0.00,0,0,0,0.00,0.00,0.00,0,1
4763.56,74.50,-0.41,1.36,-0.01,-0.03,-1.02,30.84,99.30,557.34,0.00,0.00,0.00,0.00,0,0,0,0.00,0.00,0.00,0,1
4763.57,74.50,-0.41,1.36,-0.01,-0.03,-1.02,30.84,99.30,557.34,0.00,0.00,0.00,0.00,0,0,0,0.00,0.00,0.00,0,1
4763.58,74.50,-0.41,1.36,-0.01,-0.03,-1.02,30.84,99.30,557.34,0.00,0.00,0.00,0.00,0,0,0,0.00,0.00,0.00,0,1
4763.59,74.50,-0.41,1.36,-0.01,-0.03,-1.02,30.84,99.30,557.34,0.00,0.00,0.00,0.00,0,0,0,0.00,0.00,0.00,0,1
4763.60,74.50,-0.41,1.36,-0.01,-0.03,-1.02,30.84,99.30,557.34,0.00,0.00,0.00,0.00,0,0,0,0.00,0.00,0.00,0,1
4763.61,74.50,-0.41,1.36,-0.01,-0.03,-1.02,30.84,99.30,557.34,0.00,0.00,0.00,0.00,0,0,0,0.00,0.00,0.00,0,1
4763.62,74.50,-0.41,1.36,-0.01,-0.03,-1.02,30.84,99.30,557.34,0.00,0.00,0.00,0.00,0,0,0,0.00,0.00,0.00,0,1
4763.63,74.50,-0.41,1.36,-0.01,-0.03,-1.02,30.84,99.30,557.34,0.00,0.00,0.00,0.00,0,0,0,0.00,0.00,0.00,0,1
4763.64,74.50,-0.41,1.36,-0.01,-0.03,-1.02,30.84,99.30,557.34,0.00,0.00,0.00,0.00,0,0,0,0.00,0.00,0.00,0,1
4763.65,74.50,-0.41,1.36,-0.01,-0.03,-1.02,30.84,99.30,557.34,0.00,0.00,0.00,0.00,0,0,0,0.00,0.00,0.00,0,1
4763.66,74.50,-0.41,1.36,-0.01,-0.03,-1.02,30.84,99.30,557.34,0.00,0.00,0.00,0.00,0,0,0,0.00,0.00,0.00,0,1
4763.67,74.50,-0.41,1.36,-0.01,-0.03,-1.02,30.84,99.30,557.34,0.00,0.00,0.00,0.00,0,0,0,0.00,0.00,0.00,0,1
4763.68,74.50,-0.41,1.36,-0.01,-0.03,-1.02,30.84,99.30,557.34,0.00,0.00,0.00,0.00,0,0,0,0.00,0.00,0.00,0,1
4763.69,74.50,-0.41,1.36,-0.01,-0.03,-1.02,30.84,99.30,557.34,0.00,0.00,0.00,0.00,0,0,0,0.00,0.00,0.00,0,1
4763.70,74.50,-0.41,1.36,-0.01,-0.03,-1.02,30.84,99.30,557.34,0.00,0.00,0.00,0.00,0,0,0,0.00,0.00,0.00,0,1
4763.71,74.50,-0.41,1.36,-0.01,-0.03,-1.02,30.84,99.30,557.34,0.00,0.00,0.00,0.00,0,0,0,0.00,0.00,0.00,0,1
4763.72,74.50,-0.41,1.36,-0.01,-0.03,-1.02,30.84,99.30,557.34,0.00,0.00,0.00,0.00,0,0,0,0.00,0.00,0.00,0,1
4763.73,74.50,-0.41,1.36,-0.01,-0.03,-1.02,30.84,99.30,557.34,0.00,0.00,0.00,0.00,0,0,0,0.00,0.00,0.00,0,1
4763.74,74.50,-0.41,1.36,-0.01,-0.03,-1.02,30.84,99.30,557.34,0.00,0.00,0.00,0.00,0,0,0,0.00,0.00,0.00,0,1
4763.75,74.50,-0.41,1.36,-0.01,-0.03,-1.02,30.84,99.30,557.34,0.00,0.00,0.00,0.00,0,0,0,0.00,0.00,0.00,0,1
4763.76,74.50,-0.41,1.36,-0.01,-0.03,-1.02,30.84,99.30,557.34,0.00,0.00,0.00,0.00,0,0,0,0.00,0.00,0.00,0,1
4763.77,74.50,-0.41,1.36,-0.01,-0.03,-1.02,30.84,99.30,557.34,0.00,0.00,0.00,0.00,0,0,0,0.00,0.00,0.00,0,1
4763.78,74.50,-0.41,1.36,-0.01,-0.03,-1.02,30.84,99.30,557.34,0.00,0.00,0.00,0.00,0,0,0,0.00,0.00,0.00,0,1
4763.79,74.50,-0.41,1.36,-0.01,-0.03,-1.02,30.84,99.30,557.34,0.00,0.00,0.00,0.00,0,0,0,0.00,0.00,0.00,0,1
4763.80,74.50,-0.41,1.36,-0.01,-0.03,-1.02,30.84,99.30,557.34,0.00,0.00,0.00,0.00,0,0,0,0.00,0.00,0.00,0,1
4763.81,74.50,-0.41,1.36,-0.01,-0.03,-1.02,30.84,99.30,557.34,0.00,0.00,0.00,0.00,0,0,0,0.00,0.00,0.00,0,1
4763.82,74.50,-0.41,1.36,-0.01,-0.03,-1.02,30.84,99.30,557.34,0.00,0.00,0.00,0.00,0,0,0,0.00,0.00,0.00,0,1
4763.83,74.50,-0.41,1.36,-0.01,-0.03,-1.02,30.84,99.30,557.34,0.00,0.00,0.00,0.00,0,0,0,0.00,0.00,0.00,0,1
4763.84,74.50,-0.41,1.36,-0.01,-0.03,-1.02,30.84,99.30,557.34,0.00,0.00,0.00,0.00,0,0,0,0.00,0.00,0.00,0,1
4763.85,74.50,-0.41,1.36,-0.01,-0.03,-1.02,30.84,99.30,557.34,0.00,0.00,0.00,0.00,0,0,0,0.00,0.00,0.00,0,1
4763.86,74.50,-0.41,1.36,-0.01,-0.03,-1.02,30.84,99.30,557.34,0.00,0.00,0.00,0.00,0,0,0,0.00,0.00,0.00,0,1
4763.87,74.50,-0.41,1.36,-0.01,-0.03,-1.02,30.84,99.30,557.34,0.00,0.00,0.00,0.00,0,0,0,0.00,0.00,0.00,0,1
