4746.17,74.49,-0.41,1.32,-0.01,-0.03,-1.02,30.84,99.30,556.22,0.00,0.00,0.00,0.00,0,0,0,0.00,0.00,0.00,0,0
4746.18,74.49,-0.41,1.32,-0.01,-0.03,-1.02,30.84,99.30,556.22,0.00,0.00,0.00,0.00,0,0,0,0.00,0.00,0.00,0,0
4746.19,74.49,-0.41,1.32,-0.01,-0.03,-1.02,30.84,99.30,556.22,0.00,0.00,0.00,0.00,0,0,0,0.00,0.00,0.00,0,0
4746.20,74.49,-0.41,1.32,-0.01,-0.03,-1.02,30.84,99.30,556.22,0.00,0.00,0.00,0.00,0,0,0,0.00,0.00,0.00,0,0
4746.21,74.49,-0.41,1.32,-0.01,-0.03,-1.02,30.84,99.30,556.22,0.00,0.00,0.00,0.00,0,0,0,0.00,0.00,0.00,0,0
4746.22,74.49,-0.41,1.32,-0.01,-0.03,-1.02,30.84,99.30,556.22,0.00,0.00,0.00,0.00,0,0,0,0.00,0.00,0.00,0,0
4746.23,74.49,-0.41,1.32,-0.01,-0.03,-1.02,30.84,99.30,556.22,0.00,0.00,0.00,0.00,0,0,0,0.00,0.00,0.00,0,0
4746.24,74.49,-0.41,1.32,-0.01,-0.03,-1.02,30.84,99.30,556.22,0.00,0.00,0.00,0.00,0,0,0,0.00,0.00,0.00,0,0
4746.25,74.49,-0.41,1.32,-0.01,-0.03,-1.02,30.84,99.30,556.22,0.00,0.00,0.00,0.00,0,0,0,0.00,0.00,0.00,0,0
4746.26,74.49,-0.41,1.32,-0.01,-0.03,-1.02,30.84,99.30,556.22,0.00,0.00,0.00,0.00,0,0,0,0.00,0.00,0.00,0,0
4746.27,74.49,-0.41,1.32,-0.01,-0.03,-1.02,30.84,99.30,556.22,0.00,0.00,0.00,0.00,0,0,0,0.00,0.00,0.00,0,0
4746.28,74.49,-0.41,1.32,-0.01,-0.03,-1.02,30.84,99.30,556.22,0.00,0.00,0.00,0.00,0,0,0,0.00,0.00,0.00,0,0
4746.29,74.49,-0.41,1.32,-0.01,-0.03,-1.02,30.84,99.30,556.22,0.00,0.00,0.00,0.00,0,0,0,0.00,0.00,0.00,0,0
4746.30,74.49,-0.41,1.32,-0.01,-0.03,-1.02,30.84,99.30,556.22,0.00,0.00,0.00,0.00,0,0,0,0.00,0.00,0.00,0,0
4746.31,74.49,-0.41,1.32,-0.01,-0.03,-1.02,30.84,99.30,556.22,0.00,0.00,0.00,0.00,0,0,0,0.00,0.00,0.00,0,0
4746.32,74.49,-0.41,1.32,-0.01,-0.03,-1.02,30.84,99.30,556.22,0.00,0.00,0.00,0.00,0,0,0,0.00,0.00,0.00,0,0
4746.33,74.49,-0.41,1.32,-0.01,-0.03,-1.02,30.84,99.30,556.22,0.00,0.00,0.00,0.00,0,0,0,0.00,0.00,0.00,0,0
4746.34,74.49,-0.41,1.32,-0.01,-0.03,-1.02,30.84,99.30,556.22,0.00,0.00,0.00,0.00,0,0,0,0.00,0.00,0.00,0,0
4746.35,74.49,-0.41,1.32,-0.01,-0.03,-1.02,30.84,99.30,556.22,0.00,0.00,0.00,0.00,0,0,0,0.00,0.00,0.00,0,0
4746.36,74.49,-0.41,1.32,-0.01,-0.03,-1.02,30.84,99.30,556.22,0.00,0.00,0.00,0.00,0,0,0,0.00,0.00,0.00,0,0
4746.37,74.49,-0.41,1.32,-0.01,-0.03,-1.02,30.84,99.30,556.22,0.00,0.00,0.00,0.00,0,0,0,0.00,0.00,0.00,0,0
4746.38,74.49,-0.41,1.32,-0.01,-0.03,-1.02,30.84,99.30,556.22,0.00,0.00,0.00,0.00,0,0,0,0.00,0.00,0.00,0,0
4746.39,74.49,-0.41,1.32,-0.01,-0.03,-1.02,30.84,99.30,556.22,0.00,0.00,0.00,0.00,0,0,0,0.00,0.00,0.00,0,0
4746.40,74.49,-0.41,1.32,-0.01,-0.03,-1.02,30.84,99.30,556.22,0.00,0.00,0.00,0.00,0,0,0,0.00,0.00,0.00,0,0
4746.41,74.49,-0.41,1.32,-0.01,-0.03,-1.02,30.84,99.30,556.22,0.00,0.00,0.00,0.00,0,0,0,0.00,0.00,0.00,0,0
4746.42,74.49,-0.41,1.32,-0.01,-0.03,-1.02,30.84,99.30,556.22,0.00,0.00,0.00,0.00,0,0,0,0.00,0.00,0.00,0,0
4746.43,74.49,-0.41,1.32,-0.01,-0.03,-1.02,30.84,99.30,556.22,0.00,0.00,0.00,0.00,0,0,0,0.00,0.00,0.00,0,0
4746.44,74.49,-0.41,1.32,-0.01,-0.03,-1.02,30.84,99.30,556.22,0.00,0.00,0.00,0.00,0,0,0,0.00,0.00,0.00,0,0
4746.45,74.49,-0.41,1.32,-0.01,-0.03,-1.02,30.84,99.30,556.22,0.00,0.00,0.00,0.00,0,0,0,0.00,0.00,0.00,0,0
4746.46,74.49,-0.41,1.32,-0.01,-0.03,-1.02,30.84,99.30,556.22,0.00,0.00,0.00,0.00,0,0,0,0.00,0.00,0.00,0,0
4746.47,74.49,-0.41,1.32,-0.01,-0.03,-1.02,30.84,99.30,556.22,0.00,0.00,0.00,0.00,0,0,0,0.00,0.00,0.00,0,0
4746.48,74.49,-0.41,1.32,-0.01,-0.03,-1.02,30.84,99.30,556.22,0.00,0.00,0.00,0.00,0,0,0,0.00,0.00,0.00,0,0
4746.49,74.49,-0.41,1.32,-0.01,-0.03,-1.02,30.84,99.30,556.22,0.00,0.00,0.00,0.00,0,0,0,0.00,0.00,0.00,0,0
4746.50,74.49,-0.41,1.32,-0.01,-0.03,-1.02,30.84,99.30,556.22,0.00,0.00,0.00,0.00,0,0,0,0.00,0.00,0.00,0,0
4746.51,74.49,-0.41,1.32,-0.01,-0.03,-1.02,30.84,99.30,556.22,0.00,0.00,0.00,0.00,0,0,0,0.00,0.00,0.00,0,0
4746.52,74.49,-0.41,1.32,-0.01,-0.03,-1.02,30.84,99.30,556.22,0.00,0.00,0.00,0.00,0,0,0,0.00,0.00,0.00,0,0
4746.53,74.49,-0.41,1.32,-0.01,-0.03,-1.02,30.84,99.30,556.22,0.00,0.00,0.00,0.00,0,0,0,0.00,0.00,0.00,0,0
4746.54,74.49,-0.41,1.32,-0.01,-0.03,-1.02,30.84,99.30,556.22,0.00,0.00,0.00,0.00,0,0,0,0.00,0.00,0.00,0,0
4746.55,74.49,-0.41,1.32,-0.01,-0.03,-1.02,30.84,99.30,556.22,0.00,0.00,0.00,0.00,0,0,0,0.00,0.00,0.00,0,0
4746.56,74.49,-0.41,1.32,-0.01,-0.03,-1.02,30.84,99.30,556.22,0.00,0.00,0.00,0.00,0,0,0,0.00,0.00,0.00,0,0
4746.57,74.49,-0.41,1.32,-0.01,-0.03,-1.02,30.84,99.30,556.22,0.00,0.00,0.00,0.00,0,0,0,0.00,0.00,0.00,0,0
4746.58,74.49,-0.41,1.32,-0.01,-0.03,-1.02,30.84,99.30,556.22,0.00,0.00,0.00,0.00,0,0,0,0.00,0.00,0.00,0,0
4746.59,74.49,-0.41,1.32,-0.01,-0.03,-1.02,30.84,99.30,556.22,0.00,0.00,0.00,0.00,0,0,0,0.00,0.00,0.00,0,0
4746.60,74.49,-0.41,1.32,-0.01,-0.03,-1.02,30.84,99.30,556.22,0.00,0.00,0.00,0.00,0,0,0,0.00,0.00,0.00,0,0
4746.61,74.49,-0.41,1.32,-0.01,-0.03,-1.02,30.84,99.30,556.22,0.00,0.00,0.00,0.00,0,0,0,0.00,0.00,0.00,0,0
4746.62,74.49,-0.41,1.32,-0.01,-0.03,-1.02,30.84,99.30,556.22,0.00,0.00,0.00,0.00,0,0,0,0.00,0.00,0.00,0,0
4746.63,74.49,-0.41,1.32,-0.01,-0.03,-1.02,30.84,99.30,556.22,0.00,0.00,0.00,0.00,0,0,0,0.00,0.00,0.00,0,0
4746.64,74.49,-0.41,1.32,-0.01,-0.03,-1.02,30.84,99.30,556.22,0.00,0.00,0.00,0.00,0,0,0,0.00,0.00,0.00,0,0
4746.65,74.49,-0.41,1.32,-0.01,-0.03,-1.02,30.84,99.30,556.22,0.00,0.00,0.00,0.00,0,0,0,0.00,0.00,0.00,0,0
4746.66,74.49,-0.41,1.32,-0.01,-0.03,-1.02,30.84,99.30,556.22,0.00,0.00,0.00,0.00,0,0,0,0.00,0.00,0.00,0,0
4746.67,74.49,-0.41,1.32,-0.01,-0.03,-1.02,30.84,99.30,556.22,0.00,0.00,0.00,0.00,0,0,0,0.00,0.00,0.00,0,0
4746.68,74.49,-0.41,1.32,-0.01,-0.03,-1.02,30.84,99.30,556.22,0.00,0.00,0.00,0.00,0,0,0,0.00,0.00,0.00,0,0
4746.69,74.49,-0.41,1.32,-0.01,-0.03,-1.02,30.84,99.30,556.22,0.00,0.00,0.00,0.00,0,0,0,0.00,0.00,0.00,0,0
4746.70,74.49,-0.41,1.32,-0.01,-0.03,-1.02,30.84,99.30,556.22,0.00,0.00,0.00,0.00,0,0,0,0.00,0.00,0.00,0,0
4746.71,74.49,-0.41,1.32,-0.01,-0.03,-1.02,30.84,99.30,556.22,0.00,0.00,0.00,0.00,0,0,0,0.00,0.00,0.00,0,0
4746.72,74.49,-0.41,1.32,-0.01,-0.03,-1.02,30.84,99.30,556.22,0.00,0.00,0.00,0.00,0,0,0,0.00,0.00,0.00,0,0
4746.73,74.49,-0.41,1.32,-0.01,-0.03,-1.02,30.84,99.30,556.22,0.00,0.00,0.00,0.00,0,0,0,0.00,0.00,0.00,0,0
4746.74,74.49,-0.41,1.32,-0.01,-0.03,-1.02,30.84,99.30,556.22,0.00,0.00,0.00,0.00,0,0,0,0.00,0.00,0.00,0,0
4746.75,74.49,-0.41,1.32,-0.01,-0.03,-1.02,30.84,99.30,556.22,0.00,0.00,0.00,0.00,0,0,0,0.00,0.00,0.00,0,0
4746.76,74.49,-0.41,1.32,-0.01,-0.03,-1.02,30.84,99.30,556.22,0.00,0.00,0.00,0.00,0,0,0,0.00,0.00,0.00,0,0
4746.77,74.49,-0.41,1.32,-0.01,-0.03,-1.02,30.84,99.30,556.22,0.00,0.00,0.00,0.00,0,0,0,0.00,0.00,0.00,0,0
4746.78,74.49,-0.41,1.32,-0.01,-0.03,-1.02,30.84,99.30,556.22,0.00,0.00,0.00,0.00,0,0,0,0.00,0.00,0.00,0,0
4746.79,74.49,-0.41,1.32,-0.01,-0.03,-1.02,30.84,99.30,556.22,0.00,0.00,0.00,0.00,0,0,0,0.00,0.00,0.00,0,0
4746.80,74.49,-0.41,1.32,-0.01,-0.03,-1.02,30.84,99.30,556.22,0.00,0.00,0.00,0.00,0,0,0,0.00,0.00,0.00,0,0
4746.81,74.49,-0.41,1.32,-0.01,-0.03,-1.02,30.84,99.30,556.22,0.00,0.00,0.00,0.00,0,0,0,0.00,0.00,0.00,0,0
4746.82,74.49,-0.41,1.32,-0.01,-0.03,-1.02,30.84,99.30,556.22,0.00,0.00,0.00,0.00,0,0,0,0.00,0.00,0.00,0,0
4746.83,74.49,-0.41,1.32,-0.01,-0.03,-1.02,30.84,99.30,556.22,0.00,0.00,0.00,0.00,0,0,0,0.00,0.00,0.00,0,0
4746.84,74.49,-0.41,1.32,-0.01,-0.03,-1.02,30.84,99.30,556.22,0.00,0.00,0.00,0.00,0,0,0,0.00,0.00,0.00,0,0
4746.85,74.49,-0.41,1.32,-0.01,-0.03,-1.02,30.84,99.30,556.22,0.00,0.00,0.00,0.00,0,0,0,0.00,0.00,0.00,0,0
4746.86,74.49,-0.41,1.32,-0.01,-0.03,-1.02,30.84,99.30,556.22,0.00,0.00,0.00,0.00,0,0,0,0.00,0.00,0.00,0,0
4746.87,74.49,-0.41,1.32,-0.01,-0.03,-1.02,30.84,99.30,556.22,0.00,0.00,0.00,0.00,0,0,0,0.00,0.00,0.00,0,0
4746.88,74.49,-0.41,1.32,-0.01,-0.03,-1.02,30.84,99.30,556.22,0.00,0.00,0.00,0.00,0,0,0,0.00,0.00,0.00,0,0
4746.89,74.49,-0.41,1.32,-0.01,-0.03,-1.02,30.84,99.30,556.22,0.00,0.00,0.00,0.00,0,0,0,0.00,0.00,0.00,0,0
4746.90,74.49,-0.41,1.32,-0.01,-0.03,-1.02,30.84,99.30,556.22,0.00,0.00,0.00,0.00,0,0,0,0.00,0.00,0.00,0,0
4746.91,74.49,-0.41,1.32,-0.01,-0.03,-1.02,30.84,99.30,556.22,0.00,0.00,0.00,0.00,0,0,0,0.00,0.00,0.00,0,0
4746.92,74.49,-0.41,1.32,-0.01,-0.03,-1.02,30.84,99.30,556.22,0.00,0.00,0.00,0.00,0,0,0,0.00,0.00,0.00,0,0
4746.93,74.49,-0.41,1.32,-0.01,-0.03,-1.02,30.84,99.30,556.22,0.00,0.00,0.00,0.00,0,0,0,0.00,0.00,0.00,0,0
4746.94,74.49,-0.41,1.32,-0.01,-0.03,-1.02,30.84,99.30,556.22,0.00,0.00,0.00,0.00,0,0,0,0.00,0.00,0.00,0,0
4746.95,74.49,-0.41,1.32,-0.01,-0.03,-1.02,30.84,99.30,556.22,0.00,0.00,0.00,0.00,0,0,0,0.00,0.00,0.00,0,0
4746.96,74.49,-0.41,1.32,-0.01,-0.03,-1.02,30.84,99.30,556.22,0.00,0.00,0.00,0.00,0,0,0,0.00,0.00,0.00,0,0
4746.97,74.49,-0.41,1.32,-0.01,-0.03,-1.02,30.84,99.30,556.22,0.00,0.00,0.00,0.00,0,0,0,0.00,0.00,0.00,0,0
4746.98,74.49,-0.41,1.32,-0.01,-0.03,-1.02,30.84,99.30,556.22,0.00,0.00,0.00,0.00,0,0,0,0.00,0.00,0.00,0,0
4746.99,74.49,-0.41,1.32,-0.01,-0.03,-1.02,30.84,99.30,556.22,0.00,0.00,0.00,0.00,0,0,0,0.00,0.00,0.00,0,0
4747.00,74.49,-0.41,1.32,-0.01,-0.03,-1.02,30.84,99.30,556.22,0.00,0.00,0.00,0.00,0,0,0,0.00,0.00,0.00,0,0
4747.01,74.49,-0.41,1.32,-0.01,-0.03,-1.02,30.84,99.30,556.22,0.00,0.00,0.00,0.00,0,0,0,0.00,0.00,0.00,0,0
4747.02,74.49,-0.41,1.32,-0.01,-0.03,-1.02,30.84,99.30,556.22,0.00,0.00,0.00,0.00,0,0,0,0.00,0.00,0.00,0,0
4747.03,74.49,-0.41,1.32,-0.01,-0.03,-1.02,30.84,99.30,556.22,0.00,0.00,0.00,0.00,0,0,0,0.00,0.00,0.00,0,0
4747.04,74.49,-0.41,1.32,-0.01,-0.03,-1.02,30.84,99.30,556.22,0.00,0.00,0.00,0.00,0,0,0,0.00,0.00,0.00,0,0
4747.05,74.49,-0.41,1.32,-0.01,-0.03,-1.02,30.84,99.30,556.22,0.00,0.00,0.00,0.00,0,0,0,0.00,0.00,0.00,0,0
4747.06,74.49,-0.41,1.32,-0.01,-0.03,-1.02,30.84,99.30,556.22,0.00,0.00,0.00,0.00,0,0,0,0.00,0.00,0.00,0,0
4747.07,74.49,-0.41,1.32,-0.01,-0.03,-1.02,30.84,99.30,556.22,0.00,0.00,0.00,0.00,0,0,0,0.00,0.00,0.00,0,0
4747.08,74.49,-0.41,1.32,-0.01,-0.03,-1.02,30.84,99.30,556.22,0.00,0.00,0.00,0.00,0,0,0,0.00,0.00,0.00,0,0
4747.09,74.49,-0.41,1.32,-0.01,-0.03,-1.02,30.84,99.30,556.22,0.00,0.00,0.00,0.00,0,0,0,0.00,0.00,0.00,0,0
4747.10,74.49,-0.41,1.32,-0.01,-0.03,-1.02,30.84,99.30,556.22,0.00,0.00,0.00,0.00,0,0,0,0.00,0.00,0.00,0,0
4747.11,74.49,-0.41,1.32,-0.01,-0.03,-1.02,30.84,99.30,556.22,0.00,0.00,0.00,0.00,0,0,0,0.00,0.00,0.00,0,0
4747.12,74.49,-0.41,1.32,-0.01,-0.03,-1.02,30.84,99.30,556.22,0.00,0.00,0.00,0.00,0,0,0,0.00,0.00,0.00,0,0
4747.13,74.49,-0.41,1.32,-0.01,-0.03,-1.02,30.84,99.30,556.22,0.00,0.00,0.00,0.00,0,0,0,0.00,0.00,0.00,0,0
4747.14,74.49,-0.41,1.32,-0.01,-0.03,-1.02,30.84,99.30,556.22,0.00,0.00,0.00,0.00,0,0,0,0.00,0.00,0.00,0,0
4747.15,74.49,-0.41,1.32,-0.01,-0.03,-1.02,30.84,99.30,556.22,0.00,0.00,0.00,0.00,0,0,0,0.00,0.00,0.00,0,0
4747.16,74.49,-0.41,1.32,-0.01,-0.03,-1.02,30.84,99.30,556.22,0.00,0.00,0.00,0.00,0,0,0,0.00,0.00,0.00,0,0
4747.17,74.49,-0.41,1.32,-0.01,-0.03,-1.02,30.84,99.30,556.22,0.00,0.00,0.00,0.00,0,0,0,0.00,0.00,0.00,0,0
4747.18,74.49,-0.41,1.32,-0.01,-0.03,-1.02,30.84,99.30,556.22,0.00,0.00,0.00,0.00,0,0,0,0.00,0.00,0.00,0,0
4747.19,74.49,-0.41,1.32,-0.01,-0.03,-1.02,30.84,99.30,556.22,0.00,0.00,0.00,0.00,0,0,0,0.00,0.00,0.00,0,0
4747.20,74.49,-0.41,1.32,-0.01,-0.03,-1.02,30.84,99.30,556.22,0.00,0.00,0.00,0.00,0,0,0,0.00,0.00,0.00,0,0
4747.21,74.49,-0.41,1.32,-0.01,-0.03,-1.02,30.84,99.30,556.22,0.00,0.00,0.00,0.00,0,0,0,0.00,0.00,0.00,0,0
4747.22,74.49,-0.41,1.32,-0.01,-0.03,-1.02,30.84,99.30,556.22,0.00,0.00,0.00,0.00,0,0,0,0.00,0.00,0.00,0,0
4747.23,74.49,-0.41,1.32,-0.01,-0.03,-1.02,30.84,99.30,556.22,0.00,0.00,0.00,0.00,0,0,0,0.00,0.00,0.00,0,0
4747.24,74.49,-0.41,1.32,-0.01,-0.03,-1.02,30.84,99.30,556.22,0.00,0.00,0.00,0.00,0,0,0,0.00,0.00,0.00,0,0
4747.25,74.49,-0.41,1.32,-0.01,-0.03,-1.02,30.84,99.30,556.22,0.00,0.00,0.00,0.00,0,0,0,0.00,0.00,0.00,0,0
4747.26,74.49,-0.41,1.32,-0.01,-0.03,-1.02,30.84,99.30,556.22,0.00,0.00,0.00,0.00,0,0,0,0.00,0.00,0.00,0,0
4747.27,74.49,-0.41,1.32,-0.01,-0.03,-1.02,30.84,99.30,556.22,0.00,0.00,0.00,0.00,0,0,0,0.00,0.00,0.00,0,0
4747.28,74.49,-0.41,1.32,-0.01,-0.03,-1.02,30.84,99.30,556.22,0.00,0.00,0.00,0.00,0,0,0,0.00,0.00,0.00,0,0
4747.29,74.49,-0.41,1.32,-0.01,-0.03,-1.02,30.84,99.30,556.22,0.00,0.00,0.00,0.00,0,0,0,0.00,0.00,0.00,0,0
4747.30,74.49,-0.41,1.32,-0.01,-0.03,-1.02,30.84,99.30,556.22,0.00,0.00,0.00,0.00,0,0,0,0.00,0.00,0.00,0,0
4747.31,74.49,-0.41,1.32,-0.01,-0.03,-1.02,30.84,99.30,556.22,0.00,0.00,0.00,0.00,0,0,0,0.00,0.00,0.00,0,0
4747.32,74.49,-0.41,1.32,-0.01,-0.03,-1.02,30.84,99.30,556.22,0.00,0.00,0.00,0.00,0,0,0,0.00,0.00,0.00,0,0
4747.33,74.49,-0.41,1.32,-0.01,-0.03,-1.02,30.84,99.30,556.22,0.00,0.00,0.00,0.00,0,0,0,0.00,0.00,0.00,0,0
4747.34,74.49,-0.41,1.32,-0.01,-0.03,-1.02,30.84,99.30,556.22,0.00,0.00,0.00,0.00,0,0,0,0.00,0.00,0.00,0,0
4747.35,74.49,-0.41,1.32,-0.01,-0.03,-1.02,30.84,99.30,556.22,0.00,0.00,0.00,0.00,0,0,0,0.00,0.00,0.00,0,0
4747.36,74.49,-0.41,1.32,-0.01,-0.03,-1.02,30.84,99.30,556.22,0.00,0.00,0.00,0.00,0,0,0,0.00,0.00,0.00,0,0
4747.37,74.49,-0.41,1.32,-0.01,-0.03,-1.02,30.84,99.30,556.22,0.00,0.00,0.00,0.00,0,0,0,0.00,0.00,0.00,0,0
4747.38,74.49,-0.41,1.32,-0.01,-0.03,-1.02,30.84,99.30,556.22,0.00,0.00,0.00,0.00,0,0,0,0.00,0.00,0.00,0,0
4747.39,74.49,-0.41,1.32,-0.01,-0.03,-1.02,30.83,99.30,557.34,0.00,0.00,0.00,0.00,0,0,0,0.00,0.00,0.00,0,0
4747.40,74.49,-0.41,1.32,-0.01,-0.03,-1.02,30.83,99.30,557.34,0.00,0.00,0.00,0.00,0,0,0,0.00,0.00,0.00,0,0
4747.41,74.49,-0.41,1.32,-0.01,-0.03,-1.02,30.83,99.32,552.90,0.00,0.00,0.00,0.00,0,0,0,0.00,0.00,0.00,0,0
4747.42,74.49,-0.41,1.32,-0.01,-0.03,-1.02,30.83,99.32,552.90,0.00,0.00,0.00,0.00,0,0,0,0.00,0.00,0.00,0,0
4747.43,74.49,-0.41,1.32,-0.01,-0.03,-1.02,30.83,99.32,552.90,0.00,0.00,0.00,0.00,0,0,0,0.00,0.00,0.00,0,0
4747.44,74.49,-0.41,1.32,-0.01,-0.03,-1.02,30.83,99.32,552.90,0.00,0.00,0.00,0.00,0,0,0,0.00,0.00,0.00,0,0
4747.45,74.49,-0.41,1.32,-0.01,-0.03,-1.02,30.83,99.32,552.90,0.00,0.00,0.00,0.00,0,0,0,0.00,0.00,0.00,0,0
4747.46,74.49,-0.41,1.32,-0.01,-0.03,-1.02,30.83,99.32,552.90,0.00,0.00,0.00,0.00,0,0,0,0.00,0.00,0.00,0,0
4747.47,74.49,-0.41,1.32,-0.01,-0.03,-1.02,30.83,99.32,552.90,0.00,0.00,0.00,0.00,0,0,0,0.00,0.00,0.00,0,0
4747.48,74.49,-0.41,1.32,-0.01,-0.03,-1.02,30.83,99.32,552.90,0.00,0.00,0.00,0.00,0,0,0,0.00,0.00,0.00,0,0
4747.49,74.49,-0.41,1.32,-0.01,-0.03,-1.02,30.83,99.32,552.90,0.00,0.00,0.00,0.00,0,0,0,0.00,0.00,0.00,0,0
4747.50,74.49,-0.41,1.32,-0.01,-0.03,-1.02,30.83,99.32,552.90,0.00,0.00,0.00,0.00,0,0,0,0.00,0.00,0.00,0,0
4747.51,74.49,-0.41,1.32,-0.01,-0.03,-1.02,30.83,99.32,552.90,0.00,0.00,0.00,0.00,0,0,0,0.00,0.00,0.00,0,0
4747.52,74.49,-0.41,1.32,-0.01,-0.03,-1.02,30.83,99.32,552.90,0.00,0.00,0.00,0.00,0,0,0,0.00,0.00,0.00,0,0
4747.53,74.49,-0.41,1.32,-0.01,-0.03,-1.02,30.83,99.32,552.90,0.00,0.00,0.00,0.00,0,0,0,0.00,0.00,0.00,0,0
4747.54,74.49,-0.41,1.32,-0.01,-0.03,-1.02,30.83,99.32,552.90,0.00,0.00,0.00,0.00,0,0,0,0.00,0.00,0.00,0,0
4747.55,74.49,-0.41,1.32,-0.01,-0.03,-1.02,30.83,99.32,552.90,0.00,0.00,0.00,0.00,0,0,0,0.00,0.00,0.00,0,0
4747.56,74.49,-0.41,1.32,-0.01,-0.03,-1.02,30.83,99.32,552.90,0.00,0.00,0.00,0.00,0,0,0,0.00,0.00,0.00,0,0
4747.57,74.49,-0.41,1.32,-0.01,-0.03,-1.02,30.83,99.32,552.90,0.00,0.00,0.00,0.00,0,0,0,0.00,0.00,0.00,0,0
4747.58,74.49,-0.41,1.32,-0.01,-0.03,-1.02,30.83,99.32,552.90,0.00,0.00,0.00,0.00,0,0,0,0.00,0.00,0.00,0,0
4747.59,74.49,-0.41,1.32,-0.01,-0.03,-1.02,30.83,99.32,552.90,0.00,0.00,0.00,0.00,0,0,0,0.00,0.00,0.00,0,0
4747.60,74.49,-0.41,1.32,-0.01,-0.03,-1.02,30.83,99.32,552.90,0.00,0.00,0.00,0.00,0,0,0,0.00,0.00,0.00,0,0
4747.61,74.49,-0.41,1.32,-0.01,-0.03,-1.02,30.83,99.32,552.90,0.00,0.00,0.00,0.00,0,0,0,0.00,0.00,0.00,0,0
4747.62,74.49,-0.41,1.32,-0.01,-0.03,-1.02,30.83,99.32,552.90,0.00,0.00,0.00,0.00,0,0,0,0.00,0.00,0.00,0,0
4747.63,74.49,-0.41,1.32,-0.01,-0.03,-1.02,30.83,99.32,552.90,0.00,0.00,0.00,0.00,0,0,0,0.00,0.00,0.00,0,0
4747.64,74.49,-0.41,1.32,-0.01,-0.03,-1.02,30.83,99.32,552.90,0.00,0.00,0.00,0.00,0,0,0,0.00,0.00,0.00,0,0
4747.65,74.49,-0.41,1.32,-0.01,-0.03,-1.02,30.83,99.32,552.90,0.00,0.00,0.00,0.00,0,0,0,0.00,0.00,0.00,0,0
4747.66,74.49,-0.41,1.32,-0.01,-0.03,-1.02,30.83,99.32,552.90,0.00,0.00,0.00,0.00,0,0,0,0.00,0.00,0.00,0,0
4747.67,74.49,-0.41,1.32,-0.01,-0.03,-1.02,30.83,99.32,552.90,0.00,0.00,0.00,0.00,0,0,0,0.00,0.00,0.00,0,0
4747.68,74.49,-0.41,1.32,-0.01,-0.03,-1.02,30.83,99.32,552.90,0.00,0.00,0.00,0.00,0,0,0,0.00,0.00,0.00,0,0
4747.69,74.49,-0.41,1.32,-0.01,-0.03,-1.02,30.83,99.32,552.90,0.00,0.00,0.00,0.00,0,0,0,0.00,0.00,0.00,0,0
4747.70,74.49,-0.41,1.32,-0.01,-0.03,-1.02,30.83,99.32,552.90,0.00,0.00,0.00,0.00,0,0,0,0.00,0.00,0.00,0,0
4747.71,74.49,-0.41,1.32,-0.01,-0.03,-1.02,30.83,99.32,552.90,0.00,0.00,0.00,0.00,0,0,0,0.00,0.00,0.00,0,0
4747.72,74.49,-0.41,1.32,-0.01,-0.03,-1.02,30.83,99.32,552.90,0.00,0.00,0.00,0.00,0,0,0,0.00,0.00,0.00,0,0
4747.73,74.49,-0.41,1.32,-0.01,-0.03,-1.02,30.83,99.32,552.90,0.00,0.00,0.00,0.00,0,0,0,0.00,0.00,0.00,0,0
4747.74,74.49,-0.41,1.32,-0.01,-0.03,-1.02,30.83,99.32,552.90,0.00,0.00,0.00,0.00,0,0,0,0.00,0.00,0.00,0,0
4747.75,74.49,-0.41,1.32,-0.01,-0.03,-1.02,30.83,99.32,552.90,0.00,0.00,0.00,0.00,0,0,0,0.00,0.00,0.00,0,0
4747.76,74.49,-0.41,1.32,-0.01,-0.03,-1.02,30.83,99.32,552.90,0.00,0.00,0.00,0.00,0,0,0,0.00,0.00,0.00,0,0
4747.77,74.49,-0.41,1.32,-0.01,-0.03,-1.02,30.83,99.32,552.90,0.00,0.00,0.00,0.00,0,0,0,0.00,0.00,0.00,0,0
4747.78,74.49,-0.41,1.32,-0.01,-0.03,-1.02,30.83,99.32,552.90,0.00,0.00,0.00,0.00,0,0,0,0.00,0.00,0.00,0,0
4747.79,74.49,-0.41,1.32,-0.01,-0.03,-1.02,30.83,99.32,552.90,0.00,0.00,0.00,0.00,0,0,0,0.00,0.00,0.00,0,0
4747.80,74.49,-0.41,1.32,-0.01,-0.03,-1.02,30.83,99.32,552.90,0.00,0.00,0.00,0.00,0,0,0,0.00,0.00,0.00,0,0
4747.81,74.49,-0.41,1.32,-0.01,-0.03,-1.02,30.83,99.32,552.90,0.00,0.00,0.00,0.00,0,0,0,0.00,0.00,0.00,0,0
4747.82,74.49,-0.41,1.32,-0.01,-0.03,-1.02,30.83,99.32,552.90,0.00,0.00,0.00,0.00,0,0,0,0.00,0.00,0.00,0,0
4747.83,74.49,-0.41,1.32,-0.01,-0.03,-1.02,30.83,99.32,552.90,0.00,0.00,0.00,0.00,0,0,0,0.00,0.00,0.00,0,0
4747.84,74.49,-0.41,1.32,-0.01,-0.03,-1.02,30.83,99.32,552.90,0.00,0.00,0.00,0.00,0,0,0,0.00,0.00,0.00,0,0
4747.85,74.49,-0.41,1.32,-0.01,-0.03,-1.02,30.83,99.32,552.90,0.00,0.00,0.00,0.00,0,0,0,0.00,0.00,0.00,0,0
4747.86,74.49,-0.41,1.32,-0.01,-0.03,-1.02,30.83,99.32,552.90,0.00,0.00,0.00,0.00,0,0,0,0.00,0.00,0.00,0,0
4747.87,74.49,-0.41,1.32,-0.01,-0.03,-1.02,30.83,99.32,552.90,0.00,0.00,0.00,0.00,0,0,0,0.00,0.00,0.00,0,0
4747.88,74.49,-0.41,1.32,-0.01,-0.03,-1.02,30.83,99.32,552.90,0.00,0.00,0.00,0.00,0,0,0,0.00,0.00,0.00,0,0
4747.89,74.49,-0.41,1.32,-0.01,-0.03,-1.02,30.83,99.32,552.90,0.00,0.00,0.00,0.00,0,0,0,0.00,0.00,0.00,0,0
4747.90,74.49,-0.41,1.32,-0.01,-0.03,-1.02,30.83,99.32,552.90,0.00,0.00,0.00,0.00,0,0,0,0.00,0.00,0.00,0,0
4747.91,74.49,-0.41,1.32,-0.01,-0.03,-1.02,30.83,99.32,552.90,0.00,0.00,0.00,0.00,0,0,0,0.00,0.00,0.00,0,0
4747.92,74.49,-0.41,1.32,-0.01,-0.03,-1.02,30.83,99.32,552.90,0.00,0.00,0.00,0.00,0,0,0,0.00,0.00,0.00,0,0
4747.93,74.49,-0.41,1.32,-0.01,-0.03,-1.02,30.83,99.32,552.90,0.00,0.00,0.00,0.00,0,0,0,0.00,0.00,0.00,0,0
4747.94,74.49,-0.41,1.32,-0.01,-0.03,-1.02,30.83,99.32,552.90,0.00,0.00,0.00,0.00,0,0,0,0.00,0.00,0.00,0,0
4747.95,74.49,-0.41,1.32,-0.01,-0.03,-1.02,30.83,99.32,552.90,0.00,0.00,0.00,0.00,0,0,0,0.00,0.00,0.00,0,0
4747.96,74.49,-0.41,1.32,-0.01,-0.03,-1.02,30.83,99.32,552.90,0.00,0.00,0.00,0.00,0,0,0,0.00,0.00,0.00,0,0
4747.97,74.49,-0.41,1.32,-0.01,-0.03,-1.02,30.83,99.32,552.90,0.00,0.00,0.00,0.00,0,0,0,0.00,0.00,0.00,0,0
4747.98,74.49,-0.41,1.32,-0.01,-0.03,-1.02,30.83,99.32,552.90,0.00,0.00,0.00,0.00,0,0,0,0.00,0.00,0.00,0,0
4747.99,74.49,-0.41,1.32,-0.01,-0.03,-1.02,30.83,99.32,552.90,0.00,0.00,0.00,0.00,0,0,0,0.00,0.00,0.00,0,0
4748.00,74.49,-0.41,1.32,-0.01,-0.03,-1.02,30.83,99.32,552.90,0.00,0.00,0.00,0.00,0,0,0,0.00,0.00,0.00,0,0
4748.01,74.49,-0.41,1.32,-0.01,-0.03,-1.02,30.83,99.32,552.90,0.00,0.00,0.00,0.00,0,0,0,0.00,0.00,0.00,0,0
4748.02,74.49,-0.41,1.32,-0.01,-0.03,-1.02,30.83,99.32,552.90,0.00,0.00,0.00,0.00,0,0,0,0.00,0.00,0.00,0,0
4748.03,74.49,-0.41,1.32,-0.01,-0.03,-1.02,30.83,99.32,552.90,0.00,0.00,0.00,0.00,0,0,0,0.00,0.00,0.00,0,0
4748.04,74.49,-0.41,1.32,-0.01,-0.03,-1.02,30.83,99.32,552.90,0.00,0.00,0.00,0.00,0,0,0,0.00,0.00,0.00,0,0
4748.05,74.49,-0.41,1.32,-0.01,-0.03,-1.02,30.83,99.32,552.90,0.00,0.00,0.00,0.00,0,0,0,0.00,0.00,0.00,0,0
4748.06,74.49,-0.41,1.32,-0.01,-0.03,-1.02,30.83,99.32,552.90,0.00,0.00,0.00,0.00,0,0,0,0.00,0.00,0.00,0,0
4748.07,74.49,-0.41,1.32,-0.01,-0.03,-1.02,30.83,99.32,552.90,0.00,0.00,0.00,0.00,0,0,0,0.00,0.00,0.00,0,0
4748.08,74.49,-0.41,1.32,-0.01,-0.03,-1.02,30.83,99.32,552.90,0.00,0.00,0.00,0.00,0,0,0,0.00,0.00,0.00,0,0
4748.09,74.49,-0.41,1.32,-0.01,-0.03,-1.02,30.83,99.32,552.90,0.00,0.00,0.00,0.00,0,0,0,0.00,0.00,0.00,0,0
4748.10,74.49,-0.41,1.32,-0.01,-0.03,-1.02,30.83,99.32,552.90,0.00,0.00,0.00,0.00,0,0,0,0.00,0.00,0.00,0,0
4748.11,74.49,-0.41,1.32,-0.01,-0.03,-1.02,30.83,99.32,552.90,0.00,0.00,0.00,0.00,0,0,0,0.00,0.00,0.00,0,0
4748.12,74.49,-0.41,1.32,-0.01,-0.03,-1.02,30.83,99.32,552.90,0.00,0.00,0.00,0.00,0,0,0,0.00,0.00,0.00,0,0
4748.13,74.49,-0.41,1.32,-0.01,-0.03,-1.02,30.83,99.32,552.90,0.00,0.00,0.00,0.00,0,0,0,0.00,0.00,0.00,0,0
4748.14,74.49,-0.41,1.32,-0.01,-0.03,-1.02,30.83,99.32,552.90,0.00,0.00,0.00,0.00,0,0,0,0.00,0.00,0.00,0,0
4748.15,74.49,-0.41,1.32,-0.01,-0.03,-1.02,30.83,99.32,552.90,0.00,0.00,0.00,0.00,0,0,0,0.00,0.00,0.00,0,0
4748.16,74.49,-0.41,1.32,-0.01,-0.03,-1.02,30.83,99.32,552.90,0.00,0.00,0.00,0.00,0,0,0,0.00,0.00,0.00,0,0
4748.17,74.49,-0.41,1.32,-0.01,-0.03,-1.02,30.83,99.32,552.90,0.00,0.00,0.00,0.00,0,0,0,0.00,0.00,0.00,0,0
4748.18,74.49,-0.41,1.32,-0.01,-0.03,-1.02,30.83,99.32,552.90,0.00,0.00,0.00,0.00,0,0,0,0.00,0.00,0.00,0,0
4748.19,74.49,-0.41,1.32,-0.01,-0.03,-1.02,30.83,99.32,552.90,0.00,0.00,0.00,0.00,0,0,0,0.00,0.00,0.00,0,0
4748.20,74.49,-0.41,1.32,-0.01,-0.03,-1.02,30.83,99.32,552.90,0.00,0.00,0.00,0.00,0,0,0,0.00,0.00,0.00,0,0
4748.21,74.49,-0.41,1.32,-0.01,-0.03,-1.02,30.83,99.32,552.90,0.00,0.00,0.00,0.00,0,0,0,0.00,0.00,0.00,0,0
4748.22,74.49,-0.41,1.32,-0.01,-0.03,-1.02,30.83,99.32,552.90,0.00,0.00,0.00,0.00,0,0,0,0.00,0.00,0.00,0,0
4748.23,74.49,-0.41,1.32,-0.01,-0.03,-1.02,30.83,99.32,552.90,0.00,0.00,0.00,0.00,0,0,0,0.00,0.00,0.00,0,0
4748.24,74.49,-0.41,1.32,-0.01,-0.03,-1.02,30.83,99.32,552.90,0.00,0.00,0.00,0.00,0,0,0,0.00,0.00,0.00,0,0
4748.25,74.49,-0.41,1.32,-0.01,-0.03,-1.02,30.83,99.32,552.90,0.00,0.00,0.00,0.00,0,0,0,0.00,0.00,0.00,0,0
4748.26,74.49,-0.41,1.32,-0.01,-0.03,-1.02,30.83,99.32,552.90,0.00,0.00,0.00,0.00,0,0,0,0.00,0.00,0.00,0,0
4748.27,74.49,-0.41,1.32,-0.01,-0.03,-1.02,30.83,99.32,552.90,0.00,0.00,0.00,0.00,0,0,0,0.00,0.00,0.00,0,0
4748.28,74.49,-0.41,1.32,-0.01,-0.03,-1.02,30.83,99.32,552.90,0.00,0.00,0.00,0.00,0,0,0,0.00,0.00,0.00,0,0
4748.29,74.49,-0.41,1.32,-0.01,-0.03,-1.02,30.83,99.32,552.90,0.00,0.00,0.00,0.00,0,0,0,0.00,0.00,0.00,0,0
4748.30,74.49,-0.41,1.32,-0.01,-0.03,-1.02,30.83,99.32,552.90,0.00,0.00,0.00,0.00,0,0,0,0.00,0.00,0.00,0,0
4748.31,74.49,-0.41,1.32,-0.01,-0.03,-1.02,30.83,99.32,552.90,0.00,0.00,0.00,0.00,0,0,0,0.00,0.00,0.00,0,0
4748.32,74.49,-0.41,1.32,-0.01,-0.03,-1.02,30.83,99.32,552.90,0.00,0.00,0.00,0.00,0,0,0,0.00,0.00,0.00,0,0
4748.33,74.49,-0.41,1.32,-0.01,-0.03,-1.02,30.83,99.32,552.90,0.00,0.00,0.00,0.00,0,0,0,0.00,0.00,0.00,0,0
4748.34,74.49,-0.41,1.32,-0.01,-0.03,-1.02,30.83,99.32,552.90,0.00,0.00,0.00,0.00,0,0,0,0.00,0.00,0.00,0,0
4748.35,74.49,-0.41,1.32,-0.01,-0.03,-1.02,30.83,99.32,552.90,0.00,0.00,0.00,0.00,0,0,0,0.00,0.00,0.00,0,0
4748.36,74.49,-0.41,1.32,-0.01,-0.03,-1.02,30.83,99.32,552.90,0.00,0.00,0.00,0.00,0,0,0,0.00,0.00,0.00,0,0
4748.37,74.49,-0.41,1.32,-0.01,-0.03,-1.02,30.83,99.32,552.90,0.00,0.00,0.00,0.00,0,0,0,0.00,0.00,0.00,0,0
4748.38,74.49,-0.41,1.32,-0.01,-0.03,-1.02,30.83,99.32,552.90,0.00,0.00,0.00,0.00,0,0,0,0.00,0.00,0.00,0,0
4748.39,74.49,-0.41,1.32,-0.01,-0.03,-1.02,30.83,99.32,552.90,0.00,0.00,0.00,0.00,0,0,0,0.00,0.00,0.00,0,0
4748.40,74.49,-0.41,1.32,-0.01,-0.03,-1.02,30.83,99.32,552.90,0.00,0.00,0.00,0.00,0,0,0,0.00,0.00,0.00,0,0
4748.41,74.49,-0.41,1.32,-0.01,-0.03,-1.02,30.83,99.32,552.90,0.00,0.00,0.00,0.00,0,0,0,0.00,0.00,0.00,0,0
4748.42,74.49,-0.41,1.32,-0.01,-0.03,-1.02,30.83,99.32,552.90,0.00,0.00,0.00,0.00,0,0,0,0.00,0.00,0.00,0,0
4748.43,74.49,-0.41,1.32,-0.01,-0.03,-1.02,30.83,99.32,552.90,0.00,0.00,0.00,0.00,0,0,0,0.00,0.00,0.00,0,0
4748.44,74.49,-0.41,1.32,-0.01,-0.03,-1.02,30.83,99.32,552.90,0.00,0.00,0.00,0.00,0,0,0,0.00,0.00,0.00,0,0
4748.45,74.49,-0.41,1.32,-0.01,-0.03,-1.02,30.83,99.32,552.90,0.00,0.00,0.00,0.00,0,0,0,0.00,0.00,0.00,0,0
4748.46,74.49,-0.41,1.32,-0.01,-0.03,-1.02,30.83,99.32,552.90,0.00,0.00,0.00,0.00,0,0,0,0.00,0.00,0.00,0,0
4748.47,74.49,-0.41,1.32,-0.01,-0.03,-1.02,30.83,99.32,552.90,0.00,0.00,0.00,0.00,0,0,0,0.00,0.00,0.00,0,0
4748.48,74.49,-0.41,1.32,-0.01,-0.03,-1.02,30.83,99.32,552.90,0.00,0.00,0.00,0.00,0,0,0,0.00,0.00,0.00,0,0
4748.49,74.49,-0.41,1.32,-0.01,-0.03,-1.02,30.83,99.32,552.90,0.00,0.00,0.00,0.00,0,0,0,0.00,0.00,0.00,0,0
4748.50,74.49,-0.41,1.32,-0.01,-0.03,-1.02,30.83,99.32,552.90,0.00,0.00,0.00,0.00,0,0,0,0.00,0.00,0.00,0,0
4748.51,74.49,-0.41,1.32,-0.01,-0.03,-1.02,30.83,99.32,552.90,0.00,0.00,0.00,0.00,0,0,0,0.00,0.00,0.00,0,0
4748.52,74.49,-0.41,1.32,-0.01,-0.03,-1.02,30.83,99.32,552.90,0.00,0.00,0.00,0.00,0,0,0,0.00,0.00,0.00,0,0
4748.53,74.49,-0.41,1.32,-0.01,-0.03,-1.02,30.83,99.32,552.90,0.00,0.00,0.00,0.00,0,0,0,0.00,0.00,0.00,0,0
4748.54,74.49,-0.41,1.32,-0.01,-0.03,-1.02,30.83,99.32,552.90,0.00,0.00,0.00,0.00,0,0,0,0.00,0.00,0.00,0,0
4748.55,74.49,-0.41,1.32,-0.01,-0.03,-1.02,30.83,99.32,552.90,0.00,0.00,0.00,0.00,0,0,0,0.00,0.00,0.00,0,0
4748.56,74.49,-0.41,1.32,-0.01,-0.03,-1.02,30.83,99.32,552.90,0.00,0.00,0.00,0.00,0,0,0,0.00,0.00,0.00,0,0
4748.57,74.49,-0.41,1.32,-0.01,-0.03,-1.02,30.83,99.32,552.90,0.00,0.00,0.00,0.00,0,0,0,0.00,0.00,0.00,0,0
4748.58,74.49,-0.41,1.32,-0.01,-0.03,-1.02,30.83,99.32,552.90,0.00,0.00,0.00,0.00,0,0,0,0.00,0.00,0.00,0,0
4748.59,74.49,-0.41,1.32,-0.01,-0.03,-1.02,30.83,99.32,552.90,0.00,0.00,0.00,0.00,0,0,0,0.00,0.00,0.00,0,0
4748.60,74.49,-0.41,1.32,-0.01,-0.03,-1.02,30.83,99.32,552.90,0.00,0.00,0.00,0.00,0,0,0,0.00,0.00,0.00,0,0
4748.61,74.49,-0.41,1.32,-0.01,-0.03,-1.02,30.83,99.32,552.90,0.00,0.00,0.00,0.00,0,0,0,0.00,0.00,0.00,0,0
4748.62,74.49,-0.41,1.32,-0.01,-0.03,-1.02,30.83,99.32,552.90,0.00,0.00,0.00,0.00,0,0,0,0.00,0.00,0.00,0,0
4748.63,74.49,-0.41,1.32,-0.01,-0.03,-1.02,30.83,99.32,552.90,0.00,0.00,0.00,0.00,0,0,0,0.00,0.00,0.00,0,0
4748.64,74.49,-0.41,1.32,-0.01,-0.03,-1.02,30.84,99.30,556.22,0.00,0.00,0.00,0.00,0,0,0,0.00,0.00,0.00,0,0
4748.65,74.49,-0.41,1.33,-0.01,-0.03,-1.02,30.84,99.30,556.22,0.00,0.00,0.00,0.00,0,0,0,0.00,0.00,0.00,0,0
4748.66,74.49,-0.41,1.33,-0.01,-0.03,-1.02,30.83,99.30,557.34,0.00,0.00,0.00,0.00,0,0,0,0.00,0.00,0.00,0,0
4748.67,74.49,-0.41,1.33,-0.01,-0.03,-1.02,30.83,99.30,557.34,0.00,0.00,0.00,0.00,0,0,0,0.00,0.00,0.00,0,0
4748.68,74.49,-0.41,1.33,-0.01,-0.03,-1.02,30.83,99.30,557.34,0.00,0.00,0.00,0.00,0,0,0,0.00,0.00,0.00,0,0
4748.69,74.49,-0.41,1.33,-0.01,-0.03,-1.02,30.83,99.30,557.34,0.00,0.00,0.00,0.00,0,0,0,0.00,0.00,0.00,0,0
4748.70,74.49,-0.41,1.33,-0.01,-0.03,-1.02,30.83,99.30,557.34,0.00,0.00,0.00,0.00,0,0,0,0.00,0.00,0.00,0,0
4748.71,74.49,-0.41,1.33,-0.01,-0.03,-1.02,30.83,99.30,557.34,0.00,0.00,0.00,0.00,0,0,0,0.00,0.00,0.00,0,0
4748.72,74.49,-0.41,1.33,-0.01,-0.03,-1.02,30.83,99.30,557.34,0.00,0.00,0.00,0.00,0,0,0,0.00,0.00,0.00,0,0
4748.73,74.49,-0.41,1.33,-0.01,-0.03,-1.02,30.83,99.30,557.34,0.00,0.00,0.00,0.00,0,0,0,0.00,0.00,0.00,0,0
4748.74,74.49,-0.41,1.33,-0.01,-0.03,-1.02,30.83,99.30,557.34,0.00,0.00,0.00,0.00,0,0,0,0.00,0.00,0.00,0,0
4748.75,74.49,-0.41,1.33,-0.01,-0.03,-1.02,30.83,99.30,557.34,0.00,0.00,0.00,0.00,0,0,0,0.00,0.00,0.00,0,0
4748.76,74.49,-0.41,1.33,-0.01,-0.03,-1.02,30.83,99.30,557.34,0.00,0.00,0.00,0.00,0,0,0,0.00,0.00,0.00,0,0
4748.77,74.49,-0.41,1.33,-0.01,-0.03,-1.02,30.83,99.30,557.34,0.00,0.00,0.00,0.00,0,0,0,0.00,0.00,0.00,0,0
4748.78,74.49,-0.41,1.33,-0.01,-0.03,-1.02,30.83,99.30,557.34,0.00,0.00,0.00,0.00,0,0,0,0.00,0.00,0.00,0,0
4748.79,74.49,-0.41,1.33,-0.01,-0.03,-1.02,30.83,99.30,557.34,0.00,0.00,0.00,0.00,0,0,0,0.00,0.00,0.00,0,0
4748.80,74.49,-0.41,1.33,-0.01,-0.03,-1.02,30.83,99.30,557.34,0.00,0.00,0.00,0.00,0,0,0,0.00,0.00,0.00,0,0
4748.81,74.49,-0.41,1.33,-0.01,-0.03,-1.02,30.83,99.30,557.34,0.00,0.00,0.00,0.00,0,0,0,0.00,0.00,0.00,0,0
4748.82,74.49,-0.41,1.33,-0.01,-0.03,-1.02,30.83,99.30,557.34,0.00,0.00,0.00,0.00,0,0,0,0.00,0.00,0.00,0,0
4748.83,74.49,-0.41,1.33,-0.01,-0.03,-1.02,30.83,99.30,557.34,0.00,0.00,0.00,0.00,0,0,0,0.00,0.00,0.00,0,0
4748.84,74.49,-0.41,1.33,-0.01,-0.03,-1.02,30.83,99.30,557.34,0.00,0.00,0.00,0.00,0,0,0,0.00,0.00,0.00,0,0
4748.85,74.49,-0.41,1.33,-0.01,-0.03,-1.02,30.83,99.30,557.34,0.00,0.00,0.00,0.00,0,0,0,0.00,0.00,0.00,0,0
4748.86,74.49,-0.41,1.33,-0.01,-0.03,-1.02,30.83,99.30,557.34,0.00,0.00,0.00,0.00,0,0,0,0.00,0.00,0.00,0,0
4748.87,74.49,-0.41,1.33,-0.01,-0.03,-1.02,30.83,99.30,557.34,0.00,0.00,0.00,0.00,0,0,0,0.00,0.00,0.00,0,0
4748.88,74.49,-0.41,1.33,-0.01,-0.03,-1.02,30.83,99.30,557.34,0.00,0.00,0.00,0.00,0,0,0,0.00,0.00,0.00,0,0
4748.89,74.49,-0.41,1.33,-0.01,-0.03,-1.02,30.83,99.30,557.34,0.00,0.00,0.00,0.00,0,0,0,0.00,0.00,0.00,0,0
4748.90,74.49,-0.41,1.33,-0.01,-0.03,-1.02,30.83,99.30,557.34,0.00,0.00,0.00,0.00,0,0,0,0.00,0.00,0.00,0,0
4748.91,74.49,-0.41,1.33,-0.01,-0.03,-1.02,30.83,99.30,557.34,0.00,0.00,0.00,0.00,0,0,0,0.00,0.00,0.00,0,0
4748.92,74.49,-0.41,1.33,-0.01,-0.03,-1.02,30.83,99.30,557.34,0.00,0.00,0.00,0.00,0,0,0,0.00,0.00,0.00,0,0
4748.93,74.49,-0.41,1.33,-0.01,-0.03,-1.02,30.83,99.30,557.34,0.00,0.00,0.00,0.00,0,0,0,0.00,0.00,0.00,0,0
4748.94,74.49,-0.41,1.33,-0.01,-0.03,-1.02,30.83,99.30,557.34,0.00,0.00,0.00,0.00,0,0,0,0.00,0.00,0.00,0,0
4748.95,74.49,-0.41,1.33,-0.01,-0.03,-1.02,30.83,99.30,557.34,0.00,0.00,0.00,0.00,0,0,0,0.00,0.00,0.00,0,0
4748.96,74.49,-0.41,1.33,-0.01,-0.03,-1.02,30.83,99.30,557.34,0.00,0.00,0.00,0.00,0,0,0,0.00,0.00,0.00,0,0
4748.97,74.49,-0.41,1.33,-0.01,-0.03,-1.02,30.83,99.30,557.34,0.00,0.00,0.00,0.00,0,0,0,0.00,0.00,0.00,0,0
4748.98,74.49,-0.41,1.33,-0.01,-0.03,-1.02,30.83,99.30,557.34,0.00,0.00,0.00,0.00,0,0,0,0.00,0.00,0.00,0,0
4748.99,74.49,-0.41,1.33,-0.01,-0.03,-1.02,30.83,99.30,557.34,0.00,0.00,0.00,0.00,0,0,0,0.00,0.00,0.00,0,0
4749.00,74.49,-0.41,1.33,-0.01,-0.03,-1.02,30.83,99.30,557.34,0.00,0.00,0.00,0.00,0,0,0,0.00,0.00,0.00,0,0
4749.01,74.49,-0.41,1.33,-0.01,-0.03,-1.02,30.83,99.30,557.34,0.00,0.00,0.00,0.00,0,0,0,0.00,0.00,0.00,0,0
4749.02,74.49,-0.41,1.33,-0.01,-0.03,-1.02,30.83,99.30,557.34,0.00,0.00,0.00,0.00,0,0,0,0.00,0.00,0.00,0,0
4749.03,74.49,-0.41,1.33,-0.01,-0.03,-1.02,30.83,99.30,557.34,0.00,0.00,0.00,0.00,0,0,0,0.00,0.00,0.00,0,0
4749.04,74.49,-0.41,1.33,-0.01,-0.03,-1.02,30.83,99.30,557.34,0.00,0.00,0.00,0.00,0,0,0,0.00,0.00,0.00,0,0
4749.05,74.49,-0.41,1.33,-0.01,-0.03,-1.02,30.83,99.30,557.34,0.00,0.00,0.00,0.00,0,0,0,0.00,0.00,0.00,0,0
4749.06,74.49,-0.41,1.33,-0.01,-0.03,-1.02,30.83,99.30,557.34,0.00,0.00,0.00,0.00,0,0,0,0.00,0.00,0.00,0,0
4749.07,74.49,-0.41,1.33,-0.01,-0.03,-1.02,30.83,99.30,557.34,0.00,0.00,0.00,0.00,0,0,0,0.00,0.00,0.00,0,0
4749.08,74.49,-0.41,1.33,-0.01,-0.03,-1.02,30.83,99.30,557.34,0.00,0.00,0.00,0.00,0,0,0,0.00,0.00,0.00,0,0
4749.09,74.49,-0.41,1.33,-0.01,-0.03,-1.02,30.83,99.30,557.34,0.00,0.00,0.00,0.00,0,0,0,0.00,0.00,0.00,0,0
4749.10,74.49,-0.41,1.33,-0.01,-0.03,-1.02,30.83,99.30,557.34,0.00,0.00,0.00,0.00,0,0,0,0.00,0.00,0.00,0,0
4749.11,74.49,-0.41,1.33,-0.01,-0.03,-1.02,30.83,99.30,557.34,0.00,0.00,0.00,0.00,0,0,0,0.00,0.00,0.00,0,0
4749.12,74.49,-0.41,1.33,-0.01,-0.03,-1.02,30.83,99.30,557.34,0.00,0.00,0.00,0.00,0,0,0,0.00,0.00,0.00,0,0
4749.13,74.49,-0.41,1.33,-0.01,-0.03,-1.02,30.83,99.30,557.34,0.00,0.00,0.00,0.00,0,0,0,0.00,0.00,0.00,0,0
4749.14,74.49,-0.41,1.33,-0.01,-0.03,-1.02,30.83,99.30,557.34,0.00,0.00,0.00,0.00,0,0,0,0.00,0.00,0.00,0,0
4749.15,74.49,-0.41,1.33,-0.01,-0.03,-1.02,30.83,99.30,557.34,0.00,0.00,0.00,0.00,0,0,0,0.00,0.00,0.00,0,0
4749.16,74.49,-0.41,1.33,-0.01,-0.03,-1.02,30.83,99.30,557.34,0.00,0.00,0.00,0.00,0,0,0,0.00,0.00,0.00,0,0
4749.17,74.49,-0.41,1.33,-0.01,-0.03,-1.02,30.83,99.30,557.34,0.00,0.00,0.00,0.00,0,0,0,0.00,0.00,0.00,0,0
4749.18,74.49,-0.41,1.33,-0.01,-0.03,-1.02,30.83,99.30,557.34,0.00,0.00,0.00,0.00,0,0,0,0.00,0.00,0.00,0,0
4749.19,74.49,-0.41,1.33,-0.01,-0.03,-1.02,30.83,99.30,557.34,0.00,0.00,0.00,0.00,0,0,0,0.00,0.00,0.00,0,0
4749.20,74.49,-0.41,1.33,-0.01,-0.03,-1.02,30.83,99.30,557.34,0.00,0.00,0.00,0.00,0,0,0,0.00,0.00,0.00,0,0
4749.21,74.49,-0.41,1.33,-0.01,-0.03,-1.02,30.83,99.30,557.34,0.00,0.00,0.00,0.00,0,0,0,0.00,0.00,0.00,0,0
4749.22,74.49,-0.41,1.33,-0.01,-0.03,-1.02,30.83,99.30,557.34,0.00,0.00,0.00,0.00,0,0,0,0.00,0.00,0.00,0,0
4749.23,74.49,-0.41,1.33,-0.01,-0.03,-1.02,30.83,99.30,557.34,0.00,0.00,0.00,0.00,0,0,0,0.00,0.00,0.00,0,0
4749.24,74.49,-0.41,1.33,-0.01,-0.03,-1.02,30.83,99.30,557.34,0.00,0.00,0.00,0.00,0,0,0,0.00,0.00,0.00,0,0
4749.25,74.49,-0.41,1.33,-0.01,-0.03,-1.02,30.83,99.30,557.34,0.00,0.00,0.00,0.00,0,0,0,0.00,0.00,0.00,0,0
4749.26,74.49,-0.41,1.33,-0.01,-0.03,-1.02,30.83,99.30,557.34,0.00,0.00,0.00,0.00,0,0,0,0.00,0.00,0.00,0,0
4749.27,74.49,-0.41,1.33,-0.01,-0.03,-1.02,30.83,99.30,557.34,0.00,0.00,0.00,0.00,0,0,0,0.00,0.00,0.00,0,0
4749.28,74.49,-0.41,1.33,-0.01,-0.03,-1.02,30.83,99.30,557.34,0.00,0.00,0.00,0.00,0,0,0,0.00,0.00,0.00,0,0
4749.29,74.49,-0.41,1.33,-0.01,-0.03,-1.02,30.83,99.30,557.34,0.00,0.00,0.00,0.00,0,0,0,0.00,0.00,0.00,0,0
4749.30,74.49,-0.41,1.33,-0.01,-0.03,-1.02,30.83,99.30,557.34,0.00,0.00,0.00,0.00,0,0,0,0.00,0.00,0.00,0,0
4749.31,74.49,-0.41,1.33,-0.01,-0.03,-1.02,30.83,99.30,557.34,0.00,0.00,0.00,0.00,0,0,0,0.00,0.00,0.00,0,0
4749.32,74.49,-0.41,1.33,-0.01,-0.03,-1.02,30.83,99.30,557.34,0.00,0.00,0.00,0.00,0,0,0,0.00,0.00,0.00,0,0
4749.33,74.49,-0.41,1.33,-0.01,-0.03,-1.02,30.83,99.30,557.34,0.00,0.00,0.00,0.00,0,0,0,0.00,0.00,0.00,0,0
4749.34,74.49,-0.41,1.33,-0.01,-0.03,-1.02,30.83,99.30,557.34,0.00,0.00,0.00,0.00,0,0,0,0.00,0.00,0.00,0,0
4749.35,74.49,-0.41,1.33,-0.01,-0.03,-1.02,30.83,99.30,557.34,0.00,0.00,0.00,0.00,0,0,0,0.00,0.00,0.00,0,0
4749.36,74.49,-0.41,1.33,-0.01,-0.03,-1.02,30.83,99.30,557.34,0.00,0.00,0.00,0.00,0,0,0,0.00,0.00,0.00,0,0
4749.37,74.49,-0.41,1.33,-0.01,-0.03,-1.02,30.83,99.30,557.34,0.00,0.00,0.00,0.00,0,0,0,0.00,0.00,0.00,0,0
4749.38,74.49,-0.41,1.33,-0.01,-0.03,-1.02,30.83,99.30,557.34,0.00,0.00,0.00,0.00,0,0,0,0.00,0.00,0.00,0,0
4749.39,74.49,-0.41,1.33,-0.01,-0.03,-1.02,30.83,99.30,557.34,0.00,0.00,0.00,0.00,0,0,0,0.00,0.00,0.00,0,0
4749.40,74.49,-0.41,1.33,-0.01,-0.03,-1.02,30.83,99.30,557.34,0.00,0.00,0.00,0.00,0,0,0,0.00,0.00,0.00,0,0
4749.41,74.49,-0.41,1.33,-0.01,-0.03,-1.02,30.83,99.30,557.34,0.00,0.00,0.00,0.00,0,0,0,0.00,0.00,0.00,0,0
4749.42,74.49,-0.41,1.33,-0.01,-0.03,-1.02,30.83,99.30,557.34,0.00,0.00,0.00,0.00,0,0,0,0.00,0.00,0.00,0,0
4749.43,74.49,-0.41,1.33,-0.01,-0.03,-1.02,30.83,99.30,557.34,0.00,0.00,0.00,0.00,0,0,0,0.00,0.00,0.00,0,0
4749.44,74.49,-0.41,1.33,-0.01,-0.03,-1.02,30.83,99.30,557.34,0.00,0.00,0.00,0.00,0,0,0,0.00,0.00,0.00,0,0
4749.45,74.49,-0.41,1.33,-0.01,-0.03,-1.02,30.83,99.30,557.34,0.00,0.00,0.00,0.00,0,0,0,0.00,0.00,0.00,0,0
4749.46,74.49,-0.41,1.33,-0.01,-0.03,-1.02,30.83,99.30,557.34,0.00,0.00,0.00,0.00,0,0,0,0.00,0.00,0.00,0,0
4749.47,74.49,-0.41,1.33,-0.01,-0.03,-1.02,30.83,99.30,557.34,0.00,0.00,0.00,0.00,0,0,0,0.00,0.00,0.00,0,0
4749.48,74.49,-0.41,1.33,-0.01,-0.03,-1.02,30.83,99.30,557.34,0.00,0.00,0.00,0.00,0,0,0,0.00,0.00,0.00,0,0
4749.49,74.49,-0.41,1.33,-0.01,-0.03,-1.02,30.83,99.30,557.34,0.00,0.00,0.00,0.00,0,0,0,0.00,0.00,0.00,0,0
4749.50,74.49,-0.41,1.33,-0.01,-0.03,-1.02,30.83,99.30,557.34,0.00,0.00,0.00,0.00,0,0,0,0.00,0.00,0.00,0,0
4749.51,74.49,-0.41,1.33,-0.01,-0.03,-1.02,30.83,99.30,557.34,0.00,0.00,0.00,0.00,0,0,0,0.00,0.00,0.00,0,0
4749.52,74.49,-0.41,1.33,-0.01,-0.03,-1.02,30.83,99.30,557.34,0.00,0.00,0.00,0.00,0,0,0,0.00,0.00,0.00,0,0
4749.53,74.49,-0.41,1.33,-0.01,-0.03,-1.02,30.83,99.30,557.34,0.00,0.00,0.00,0.00,0,0,0,0.00,0.00,0.00,0,0
4749.54,74.49,-0.41,1.33,-0.01,-0.03,-1.02,30.83,99.30,557.34,0.00,0.00,0.00,0.00,0,0,0,0.00,0.00,0.00,0,0
4749.55,74.49,-0.41,1.33,-0.01,-0.03,-1.02,30.83,99.30,557.34,0.00,0.00,0.00,0.00,0,0,0,0.00,0.00,0.00,0,0
4749.56,74.49,-0.41,1.33,-0.01,-0.03,-1.02,30.83,99.30,557.34,0.00,0.00,0.00,0.00,0,0,0,0.00,0.00,0.00,0,0
4749.57,74.49,-0.41,1.33,-0.01,-0.03,-1.02,30.83,99.30,557.34,0.00,0.00,0.00,0.00,0,0,0,0.00,0.00,0.00,0,0
4749.58,74.49,-0.41,1.33,-0.01,-0.03,-1.02,30.83,99.30,557.34,0.00,0.00,0.00,0.00,0,0,0,0.00,0.00,0.00,0,0
4749.59,74.49,-0.41,1.33,-0.01,-0.03,-1.02,30.83,99.30,557.34,0.00,0.00,0.00,0.00,0,0,0,0.00,0.00,0.00,0,0
4749.60,74.49,-0.41,1.33,-0.01,-0.03,-1.02,30.83,99.30,557.34,0.00,0.00,0.00,0.00,0,0,0,0.00,0.00,0.00,0,0
4749.61,74.49,-0.41,1.33,-0.01,-0.03,-1.02,30.83,99.30,557.34,0.00,0.00,0.00,0.00,0,0,0,0.00,0.00,0.00,0,0
4749.62,74.49,-0.41,1.33,-0.01,-0.03,-1.02,30.83,99.30,557.34,0.00,0.00,0.00,0.00,0,0,0,0.00,0.00,0.00,0,0
4749.63,74.49,-0.41,1.33,-0.01,-0.03,-1.02,30.83,99.30,557.34,0.00,0.00,0.00,0.00,0,0,0,0.00,0.00,0.00,0,0
4749.64,74.49,-0.41,1.33,-0.01,-0.03,-1.02,30.83,99.30,557.34,0.00,0.00,0.00,0.00,0,0,0,0.00,0.00,0.00,0,0
4749.65,74.49,-0.41,1.33,-0.01,-0.03,-1.02,30.83,99.30,557.34,0.00,0.00,0.00,0.00,0,0,0,0.00,0.00,0.00,0,0
4749.66,74.49,-0.41,1.33,-0.01,-0.03,-1.02,30.83,99.30,557.34,0.00,0.00,0.00,0.00,0,0,0,0.00,0.00,0.00,0,0
4749.67,74.49,-0.41,1.33,-0.01,-0.03,-1.02,30.83,99.30,557.34,0.00,0.00,0.00,0.00,0,0,0,0.00,0.00,0.00,0,0
4749.68,74.49,-0.41,1.33,-0.01,-0.03,-1.02,30.83,99.30,557.34,0.00,0.00,0.00,0.00,0,0,0,0.00,0.00,0.00,0,0
4749.69,74.49,-0.41,1.33,-0.01,-0.03,-1.02,30.83,99.30,557.34,0.00,0.00,0.00,0.00,0,0,0,0.00,0.00,0.00,0,0
4749.70,74.49,-0.41,1.33,-0.01,-0.03,-1.02,30.83,99.30,557.34,0.00,0.00,0.00,0.00,0,0,0,0.00,0.00,0.00,0,0
4749.71,74.49,-0.41,1.33,-0.01,-0.03,-1.02,30.83,99.30,557.34,0.00,0.00,0.00,0.00,0,0,0,0.00,0.00,0.00,0,0
4749.72,74.49,-0.41,1.33,-0.01,-0.03,-1.02,30.83,99.30,557.34,0.00,0.00,0.00,0.00,0,0,0,0.00,0.00,0.00,0,0
4749.73,74.49,-0.41,1.33,-0.01,-0.03,-1.02,30.83,99.30,557.34,0.00,0.00,0.00,0.00,0,0,0,0.00,0.00,0.00,0,0
4749.74,74.49,-0.41,1.33,-0.01,-0.03,-1.02,30.83,99.30,557.34,0.00,0.00,0.00,0.00,0,0,0,0.00,0.00,0.00,0,0
4749.75,74.49,-0.41,1.33,-0.01,-0.03,-1.02,30.83,99.30,557.34,0.00,0.00,0.00,0.00,0,0,0,0.00,0.00,0.00,0,0
4749.76,74.49,-0.41,1.33,-0.01,-0.03,-1.02,30.83,99.30,557.34,0.00,0.00,0.00,0.00,0,0,0,0.00,0.00,0.00,0,0
4749.77,74.49,-0.41,1.33,-0.01,-0.03,-1.02,30.83,99.30,557.34,0.00,0.00,0.00,0.00,0,0,0,0.00,0.00,0.00,0,0
4749.78,74.49,-0.41,1.33,-0.01,-0.03,-1.02,30.83,99.30,557.34,0.00,0.00,0.00,0.00,0,0,0,0.00,0.00,0.00,0,0
4749.79,74.49,-0.41,1.33,-0.01,-0.03,-1.02,30.83,99.30,557.34,0.00,0.00,0.00,0.00,0,0,0,0.00,0.00,0.00,0,0
4749.80,74.49,-0.41,1.33,-0.01,-0.03,-1.02,30.83,99.30,557.34,0.00,0.00,0.00,0.00,0,0,0,0.00,0.00,0.00,0,0
4749.81,74.49,-0.41,1.33,-0.01,-0.03,-1.02,30.83,99.30,557.34,0.00,0.00,0.00,0.00,0,0,0,0.00,0.00,0.00,0,0
4749.82,74.49,-0.41,1.33,-0.01,-0.03,-1.02,30.83,99.30,557.34,0.00,0.00,0.00,0.00,0,0,0,0.00,0.00,0.00,0,0
4749.83,74.49,-0.41,1.33,-0.01,-0.03,-1.02,30.83,99.30,557.34,0.00,0.00,0.00,0.00,0,0,0,0.00,0.00,0.00,0,0
4749.84,74.49,-0.41,1.33,-0.01,-0.03,-1.02,30.83,99.30,557.34,0.00,0.00,0.00,0.00,0,0,0,0.00,0.00,0.00,0,0
4749.85,74.49,-0.41,1.33,-0.01,-0.03,-1.02,30.83,99.30,557.34,0.00,0.00,0.00,0.00,0,0,0,0.00,0.00,0.00,0,0
4749.86,74.49,-0.41,1.33,-0.01,-0.03,-1.02,30.83,99.30,557.34,0.00,0.00,0.00,0.00,0,0,0,0.00,0.00,0.00,0,0
4749.87,74.49,-0.41,1.33,-0.01,-0.03,-1.02,30.83,99.30,557.34,0.00,0.00,0.00,0.00,0,0,0,0.00,0.00,0.00,0,0
4749.88,74.49,-0.41,1.33,-0.01,-0.03,-1.02,30.83,99.30,557.34,0.00,0.00,0.00,0.00,0,0,0,0.00,0.00,0.00,0,0
4749.89,74.49,-0.41,1.33,-0.01,-0.03,-1.02,30.83,99.30,557.34,0.00,0.00,0.00,0.00,0,0,0,0.00,0.00,0.00,0,0
4749.90,74.49,-0.41,1.33,-0.01,-0.03,-1.02,30.84,99.30,556.22,0.00,0.00,0.00,0.00,0,0,0,0.00,0.00,0.00,0,0
4749.91,74.49,-0.41,1.33,-0.01,-0.03,-1.01,30.83,99.30,557.34,0.00,0.00,0.00,0.00,0,0,0,0.00,0.00,0.00,0,0
4749.92,74.49,-0.41,1.33,-0.01,-0.03,-1.02,30.83,99.31,554.01,0.00,0.00,0.00,0.00,0,0,0,0.00,0.00,0.00,0,0
4749.93,74.49,-0.41,1.33,-0.01,-0.02,-1.02,30.84,99.32,552.90,0.00,0.00,0.00,0.00,0,0,0,0.00,0.00,0.00,0,0
4749.94,74.49,-0.41,1.33,-0.01,-0.02,-1.02,30.84,99.32,552.90,0.00,0.00,0.00,0.00,0,0,0,0.00,0.00,0.00,0,0
4749.95,74.49,-0.41,1.33,-0.01,-0.02,-1.02,30.84,99.32,552.90,0.00,0.00,0.00,0.00,0,0,0,0.00,0.00,0.00,0,0
4749.96,74.49,-0.41,1.33,-0.01,-0.02,-1.02,30.84,99.32,552.90,0.00,0.00,0.00,0.00,0,0,0,0.00,0.00,0.00,0,0
4749.97,74.49,-0.41,1.33,-0.01,-0.02,-1.02,30.84,99.32,552.90,0.00,0.00,0.00,0.00,0,0,0,0.00,0.00,0.00,0,0
4749.98,74.49,-0.41,1.33,-0.01,-0.02,-1.02,30.84,99.32,552.90,0.00,0.00,0.00,0.00,0,0,0,0.00,0.00,0.00,0,0
4749.99,74.49,-0.41,1.33,-0.01,-0.02,-1.02,30.84,99.32,552.90,0.00,0.00,0.00,0.00,0,0,0,0.00,0.00,0.00,0,0
4750.00,74.49,-0.41,1.33,-0.01,-0.02,-1.02,30.84,99.32,552.90,0.00,0.00,0.00,0.00,0,0,0,0.00,0.00,0.00,0,0
4750.01,74.49,-0.41,1.33,-0.01,-0.02,-1.02,30.84,99.32,552.90,0.00,0.00,0.00,0.00,0,0,0,0.00,0.00,0.00,0,0
4750.02,74.49,-0.41,1.33,-0.01,-0.02,-1.02,30.84,99.32,552.90,0.00,0.00,0.00,0.00,0,0,0,0.00,0.00,0.00,0,0
4750.03,74.49,-0.41,1.33,-0.01,-0.02,-1.02,30.84,99.32,552.90,0.00,0.00,0.00,0.00,0,0,0,0.00,0.00,0.00,0,0
4750.04,74.49,-0.41,1.33,-0.01,-0.02,-1.02,30.84,99.32,552.90,0.00,0.00,0.00,0.00,0,0,0,0.00,0.00,0.00,0,0
4750.05,74.49,-0.41,1.33,-0.01,-0.02,-1.02,30.84,99.32,552.90,0.00,0.00,0.00,0.00,0,0,0,0.00,0.00,0.00,0,0
4750.06,74.49,-0.41,1.33,-0.01,-0.02,-1.02,30.84,99.32,552.90,0.00,0.00,0.00,0.00,0,0,0,0.00,0.00,0.00,0,0
4750.07,74.49,-0.41,1.33,-0.01,-0.02,-1.02,30.84,99.32,552.90,0.00,0.00,0.00,0.00,0,0,0,0.00,0.00,0.00,0,0
4750.08,74.49,-0.41,1.33,-0.01,-0.02,-1.02,30.84,99.32,552.90,0.00,0.00,0.00,0.00,0,0,0,0.00,0.00,0.00,0,0
4750.09,74.49,-0.41,1.33,-0.01,-0.02,-1.02,30.84,99.32,552.90,0.00,0.00,0.00,0.00,0,0,0,0.00,0.00,0.00,0,0
4750.10,74.49,-0.41,1.33,-0.01,-0.02,-1.02,30.84,99.32,552.90,0.00,0.00,0.00,0.00,0,0,0,0.00,0.00,0.00,0,0
4750.11,74.49,-0.41,1.33,-0.01,-0.02,-1.02,30.84,99.32,552.90,0.00,0.00,0.00,0.00,0,0,0,0.00,0.00,0.00,0,0
4750.12,74.49,-0.41,1.33,-0.01,-0.02,-1.02,30.84,99.32,552.90,0.00,0.00,0.00,0.00,0,0,0,0.00,0.00,0.00,0,0
4750.13,74.49,-0.41,1.33,-0.01,-0.02,-1.02,30.84,99.32,552.90,0.00,0.00,0.00,0.00,0,0,0,0.00,0.00,0.00,0,0
4750.14,74.49,-0.41,1.33,-0.01,-0.02,-1.02,30.84,99.32,552.90,0.00,0.00,0.00,0.00,0,0,0,0.00,0.00,0.00,0,0
4750.15,74.49,-0.41,1.33,-0.01,-0.02,-1.02,30.84,99.32,552.90,0.00,0.00,0.00,0.00,0,0,0,0.00,0.00,0.00,0,0
4750.16,74.49,-0.41,1.33,-0.01,-0.02,-1.02,30.84,99.32,552.90,0.00,0.00,0.00,0.00,0,0,0,0.00,0.00,0.00,0,0
4750.17,74.49,-0.41,1.33,-0.01,-0.02,-1.02,30.84,99.32,552.90,0.00,0.00,0.00,0.00,0,0,0,0.00,0.00,0.00,0,0
4750.18,74.49,-0.41,1.33,-0.01,-0.02,-1.02,30.84,99.32,552.90,0.00,0.00,0.00,0.00,0,0,0,0.00,0.00,0.00,0,0
4750.19,74.49,-0.41,1.33,-0.01,-0.02,-1.02,30.84,99.32,552.90,0.00,0.00,0.00,0.00,0,0,0,0.00,0.00,0.00,0,0
4750.20,74.49,-0.41,1.33,-0.01,-0.02,-1.02,30.84,99.32,552.90,0.00,0.00,0.00,0.00,0,0,0,0.00,0.00,0.00,0,0
4750.21,74.49,-0.41,1.33,-0.01,-0.02,-1.02,30.84,99.32,552.90,0.00,0.00,0.00,0.00,0,0,0,0.00,0.00,0.00,0,0
4750.22,74.49,-0.41,1.33,-0.01,-0.02,-1.02,30.84,99.32,552.90,0.00,0.00,0.00,0.00,0,0,0,0.00,0.00,0.00,0,0
4750.23,74.49,-0.41,1.33,-0.01,-0.02,-1.02,30.84,99.32,552.90,0.00,0.00,0.00,0.00,0,0,0,0.00,0.00,0.00,0,0
4750.24,74.49,-0.41,1.33,-0.01,-0.02,-1.02,30.84,99.32,552.90,0.00,0.00,0.00,0.00,0,0,0,0.00,0.00,0.00,0,0
4750.25,74.49,-0.41,1.33,-0.01,-0.02,-1.02,30.84,99.32,552.90,0.00,0.00,0.00,0.00,0,0,0,0.00,0.00,0.00,0,0
4750.26,74.49,-0.41,1.33,-0.01,-0.02,-1.02,30.84,99.32,552.90,0.00,0.00,0.00,0.00,0,0,0,0.00,0.00,0.00,0,0
4750.27,74.49,-0.41,1.33,-0.01,-0.02,-1.02,30.84,99.32,552.90,0.00,0.00,0.00,0.00,0,0,0,0.00,0.00,0.00,0,0
4750.28,74.49,-0.41,1.33,-0.01,-0.02,-1.02,30.84,99.32,552.90,0.00,0.00,0.00,0.00,0,0,0,0.00,0.00,0.00,0,0
4750.29,74.49,-0.41,1.33,-0.01,-0.02,-1.02,30.84,99.32,552.90,0.00,0.00,0.00,0.00,0,0,0,0.00,0.00,0.00,0,0
4750.30,74.49,-0.41,1.33,-0.01,-0.02,-1.02,30.84,99.32,552.90,0.00,0.00,0.00,0.00,0,0,0,0.00,0.00,0.00,0,0
4750.31,74.49,-0.41,1.33,-0.01,-0.02,-1.02,30.84,99.32,552.90,0.00,0.00,0.00,0.00,0,0,0,0.00,0.00,0.00,0,0
4750.32,74.49,-0.41,1.33,-0.01,-0.02,-1.02,30.84,99.32,552.90,0.00,0.00,0.00,0.00,0,0,0,0.00,0.00,0.00,0,0
4750.33,74.49,-0.41,1.33,-0.01,-0.02,-1.02,30.84,99.32,552.90,0.00,0.00,0.00,0.00,0,0,0,0.00,0.00,0.00,0,0
4750.34,74.49,-0.41,1.33,-0.01,-0.02,-1.02,30.84,99.32,552.90,0.00,0.00,0.00,0.00,0,0,0,0.00,0.00,0.00,0,0
4750.35,74.49,-0.41,1.33,-0.01,-0.02,-1.02,30.84,99.32,552.90,0.00,0.00,0.00,0.00,0,0,0,0.00,0.00,0.00,0,0
4750.36,74.49,-0.41,1.33,-0.01,-0.02,-1.02,30.84,99.32,552.90,0.00,0.00,0.00,0.00,0,0,0,0.00,0.00,0.00,0,0
4750.37,74.49,-0.41,1.33,-0.01,-0.02,-1.02,30.84,99.32,552.90,0.00,0.00,0.00,0.00,0,0,0,0.00,0.00,0.00,0,0
4750.38,74.49,-0.41,1.33,-0.01,-0.02,-1.02,30.84,99.32,552.90,0.00,0.00,0.00,0.00,0,0,0,0.00,0.00,0.00,0,0
4750.39,74.49,-0.41,1.33,-0.01,-0.02,-1.02,30.84,99.32,552.90,0.00,0.00,0.00,0.00,0,0,0,0.00,0.00,0.00,0,0
4750.40,74.49,-0.41,1.33,-0.01,-0.02,-1.02,30.84,99.32,552.90,0.00,0.00,0.00,0.00,0,0,0,0.00,0.00,0.00,0,0
4750.41,74.49,-0.41,1.33,-0.01,-0.02,-1.02,30.84,99.32,552.90,0.00,0.00,0.00,0.00,0,0,0,0.00,0.00,0.00,0,0
4750.42,74.49,-0.41,1.33,-0.01,-0.02,-1.02,30.84,99.32,552.90,0.00,0.00,0.00,0.00,0,0,0,0.00,0.00,0.00,0,0
4750.43,74.49,-0.41,1.33,-0.01,-0.02,-1.02,30.84,99.32,552.90,0.00,0.00,0.00,0.00,0,0,0,0.00,0.00,0.00,0,0
4750.44,74.49,-0.41,1.33,-0.01,-0.02,-1.02,30.84,99.32,552.90,0.00,0.00,0.00,0.00,0,0,0,0.00,0.00,0.00,0,0
4750.45,74.49,-0.41,1.33,-0.01,-0.02,-1.02,30.84,99.32,552.90,0.00,0.00,0.00,0.00,0,0,0,0.00,0.00,0.00,0,0
4750.46,74.49,-0.41,1.33,-0.01,-0.02,-1.02,30.84,99.32,552.90,0.00,0.00,0.00,0.00,0,0,0,0.00,0.00,0.00,0,0
4750.47,74.49,-0.41,1.33,-0.01,-0.02,-1.02,30.84,99.32,552.90,0.00,0.00,0.00,0.00,0,0,0,0.00,0.00,0.00,0,0
4750.48,74.49,-0.41,1.33,-0.01,-0.02,-1.02,30.84,99.32,552.90,0.00,0.00,0.00,0.00,0,0,0,0.00,0.00,0.00,0,0
4750.49,74.49,-0.41,1.33,-0.01,-0.02,-1.02,30.84,99.32,552.90,0.00,0.00,0.00,0.00,0,0,0,0.00,0.00,0.00,0,0
4750.50,74.49,-0.41,1.33,-0.01,-0.02,-1.02,30.84,99.32,552.90,0.00,0.00,0.00,0.00,0,0,0,0.00,0.00,0.00,0,0
4750.51,74.49,-0.41,1.33,-0.01,-0.02,-1.02,30.84,99.32,552.90,0.00,0.00,0.00,0.00,0,0,0,0.00,0.00,0.00,0,0
4750.52,74.49,-0.41,1.33,-0.01,-0.02,-1.02,30.84,99.32,552.90,0.00,0.00,0.00,0.00,0,0,0,0.00,0.00,0.00,0,0
4750.53,74.49,-0.41,1.33,-0.01,-0.02,-1.02,30.84,99.32,552.90,0.00,0.00,0.00,0.00,0,0,0,0.00,0.00,0.00,0,0
4750.54,74.49,-0.41,1.33,-0.01,-0.02,-1.02,30.84,99.32,552.90,0.00,0.00,0.00,0.00,0,0,0,0.00,0.00,0.00,0,0
4750.55,74.49,-0.41,1.33,-0.01,-0.02,-1.02,30.84,99.32,552.90,0.00,0.00,0.00,0.00,0,0,0,0.00,0.00,0.00,0,0
4750.56,74.49,-0.41,1.33,-0.01,-0.02,-1.02,30.84,99.32,552.90,0.00,0.00,0.00,0.00,0,0,0,0.00,0.00,0.00,0,0
4750.57,74.49,-0.41,1.33,-0.01,-0.02,-1.02,30.84,99.32,552.90,0.00,0.00,0.00,0.00,0,0,0,0.00,0.00,0.00,0,0
4750.58,74.49,-0.41,1.33,-0.01,-0.02,-1.02,30.84,99.32,552.90,0.00,0.00,0.00,0.00,0,0,0,0.00,0.00,0.00,0,0
4750.59,74.49,-0.41,1.33,-0.01,-0.02,-1.02,30.84,99.32,552.90,0.00,0.00,0.00,0.00,0,0,0,0.00,0.00,0.00,0,0
4750.60,74.49,-0.41,1.33,-0.01,-0.02,-1.02,30.84,99.32,552.90,0.00,0.00,0.00,0.00,0,0,0,0.00,0.00,0.00,0,0
4750.61,74.49,-0.41,1.33,-0.01,-0.02,-1.02,30.84,99.32,552.90,0.00,0.00,0.00,0.00,0,0,0,0.00,0.00,0.00,0,0
4750.62,74.49,-0.41,1.33,-0.01,-0.02,-1.02,30.84,99.32,552.90,0.00,0.00,0.00,0.00,0,0,0,0.00,0.00,0.00,0,0
4750.63,74.49,-0.41,1.33,-0.01,-0.02,-1.02,30.84,99.32,552.90,0.00,0.00,0.00,0.00,0,0,0,0.00,0.00,0.00,0,0
4750.64,74.49,-0.41,1.33,-0.01,-0.02,-1.02,30.84,99.32,552.90,0.00,0.00,0.00,0.00,0,0,0,0.00,0.00,0.00,0,0
4750.65,74.49,-0.41,1.33,-0.01,-0.02,-1.02,30.84,99.32,552.90,0.00,0.00,0.00,0.00,0,0,0,0.00,0.00,0.00,0,0
4750.66,74.49,-0.41,1.33,-0.01,-0.02,-1.02,30.84,99.32,552.90,0.00,0.00,0.00,0.00,0,0,0,0.00,0.00,0.00,0,0
4750.67,74.49,-0.41,1.33,-0.01,-0.02,-1.02,30.84,99.32,552.90,0.00,0.00,0.00,0.00,0,0,0,0.00,0.00,0.00,0,0
4750.71,74.49,-0.41,1.33,-0.01,-0.02,-1.02,30.84,99.32,552.90,0.00,0.00,0.00,0.00,0,0,0,0.00,0.00,0.00,0,0
4750.72,74.49,-0.41,1.33,-0.01,-0.02,-1.02,30.84,99.32,552.90,0.00,0.00,0.00,0.00,0,0,0,0.00,0.00,0.00,0,0
4750.73,74.49,-0.41,1.33,-0.01,-0.02,-1.02,30.84,99.32,552.90,0.00,0.00,0.00,0.00,0,0,0,0.00,0.00,0.00,0,0
4750.75,74.49,-0.41,1.33,-0.01,-0.02,-1.02,30.84,99.32,552.90,0.00,0.00,0.00,0.00,0,0,0,0.00,0.00,0.00,0,0
4750.76,74.49,-0.41,1.33,-0.01,-0.02,-1.02,30.84,99.32,552.90,0.00,0.00,0.00,0.00,0,0,0,0.00,0.00,0.00,0,0
4750.77,74.49,-0.41,1.33,-0.01,-0.02,-1.02,30.84,99.32,552.90,0.00,0.00,0.00,0.00,0,0,0,0.00,0.00,0.00,0,0
4750.78,74.49,-0.41,1.33,-0.01,-0.02,-1.02,30.84,99.32,552.90,0.00,0.00,0.00,0.00,0,0,0,0.00,0.00,0.00,0,0
4750.80,74.49,-0.41,1.33,-0.01,-0.02,-1.02,30.84,99.32,552.90,0.00,0.00,0.00,0.00,0,0,0,0.00,0.00,0.00,0,0
4750.81,74.49,-0.41,1.33,-0.01,-0.02,-1.02,30.84,99.32,552.90,0.00,0.00,0.00,0.00,0,0,0,0.00,0.00,0.00,0,0
4750.82,74.49,-0.41,1.33,-0.01,-0.02,-1.02,30.84,99.32,552.90,0.00,0.00,0.00,0.00,0,0,0,0.00,0.00,0.00,0,0
4750.84,74.49,-0.41,1.33,-0.01,-0.02,-1.02,30.84,99.32,552.90,0.00,0.00,0.00,0.00,0,0,0,0.00,0.00,0.00,0,0
4750.85,74.49,-0.41,1.33,-0.01,-0.02,-1.02,30.84,99.32,552.90,0.00,0.00,0.00,0.00,0,0,0,0.00,0.00,0.00,0,0
4750.86,74.49,-0.41,1.33,-0.01,-0.02,-1.02,30.84,99.32,552.90,0.00,0.00,0.00,0.00,0,0,0,0.00,0.00,0.00,0,0
4750.88,74.49,-0.41,1.33,-0.01,-0.02,-1.02,30.84,99.32,552.90,0.00,0.00,0.00,0.00,0,0,0,0.00,0.00,0.00,0,0
4750.89,74.49,-0.41,1.33,-0.01,-0.02,-1.02,30.84,99.32,552.90,0.00,0.00,0.00,0.00,0,0,0,0.00,0.00,0.00,0,0
4750.90,74.49,-0.41,1.33,-0.01,-0.02,-1.02,30.84,99.32,552.90,0.00,0.00,0.00,0.00,0,0,0,0.00,0.00,0.00,0,0
4750.92,74.49,-0.41,1.33,-0.01,-0.02,-1.02,30.84,99.32,552.90,0.00,0.00,0.00,0.00,0,0,0,0.00,0.00,0.00,0,0
4750.93,74.49,-0.41,1.33,-0.01,-0.02,-1.02,30.84,99.32,552.90,0.00,0.00,0.00,0.00,0,0,0,0.00,0.00,0.00,0,0
4750.95,74.49,-0.41,1.33,-0.01,-0.02,-1.02,30.84,99.32,552.90,0.00,0.00,0.00,0.00,0,0,0,0.00,0.00,0.00,0,0
4750.96,74.49,-0.41,1.33,-0.01,-0.02,-1.02,30.84,99.32,552.90,0.00,0.00,0.00,0.00,0,0,0,0.00,0.00,0.00,0,0
4750.97,74.49,-0.41,1.33,-0.01,-0.02,-1.02,30.84,99.32,552.90,0.00,0.00,0.00,0.00,0,0,0,0.00,0.00,0.00,0,0
4750.99,74.49,-0.41,1.33,-0.01,-0.02,-1.02,30.84,99.32,552.90,0.00,0.00,0.00,0.00,0,0,0,0.00,0.00,0.00,0,0
4751.00,74.49,-0.41,1.33,-0.01,-0.02,-1.02,30.84,99.32,552.90,0.00,0.00,0.00,0.00,0,0,0,0.00,0.00,0.00,0,0
4751.01,74.49,-0.41,1.33,-0.01,-0.02,-1.02,30.84,99.32,552.90,0.00,0.00,0.00,0.00,0,0,0,0.00,0.00,0.00,0,0
4751.02,74.49,-0.41,1.33,-0.01,-0.02,-1.02,30.84,99.32,552.90,0.00,0.00,0.00,0.00,0,0,0,0.00,0.00,0.00,0,0
4751.03,74.49,-0.41,1.33,-0.01,-0.02,-1.02,30.84,99.32,552.90,0.00,0.00,0.00,0.00,0,0,0,0.00,0.00,0.00,0,0
4751.04,74.49,-0.41,1.33,-0.01,-0.02,-1.02,30.84,99.32,552.90,0.00,0.00,0.00,0.00,0,0,0,0.00,0.00,0.00,0,0
4751.05,74.49,-0.41,1.33,-0.01,-0.02,-1.02,30.84,99.32,552.90,0.00,0.00,0.00,0.00,0,0,0,0.00,0.00,0.00,0,0
4751.06,74.49,-0.41,1.33,-0.01,-0.02,-1.02,30.84,99.32,552.90,0.00,0.00,0.00,0.00,0,0,0,0.00,0.00,0.00,0,0
4751.07,74.49,-0.41,1.33,-0.01,-0.02,-1.02,30.84,99.32,552.90,0.00,0.00,0.00,0.00,0,0,0,0.00,0.00,0.00,0,0
4751.08,74.49,-0.41,1.33,-0.01,-0.02,-1.02,30.84,99.32,552.90,0.00,0.00,0.00,0.00,0,0,0,0.00,0.00,0.00,0,0
4751.09,74.49,-0.41,1.33,-0.01,-0.02,-1.02,30.84,99.32,552.90,0.00,0.00,0.00,0.00,0,0,0,0.00,0.00,0.00,0,0
4751.10,74.49,-0.41,1.33,-0.01,-0.02,-1.02,30.84,99.32,552.90,0.00,0.00,0.00,0.00,0,0,0,0.00,0.00,0.00,0,0
4751.11,74.49,-0.41,1.33,-0.01,-0.02,-1.02,30.84,99.32,552.90,0.00,0.00,0.00,0.00,0,0,0,0.00,0.00,0.00,0,0
4751.12,74.49,-0.41,1.33,-0.01,-0.02,-1.02,30.84,99.32,552.90,0.00,0.00,0.00,0.00,0,0,0,0.00,0.00,0.00,0,0
4751.13,74.49,-0.41,1.33,-0.01,-0.02,-1.02,30.84,99.32,552.90,0.00,0.00,0.00,0.00,0,0,0,0.00,0.00,0.00,0,0
4751.14,74.49,-0.41,1.33,-0.01,-0.02,-1.02,30.84,99.32,552.90,0.00,0.00,0.00,0.00,0,0,0,0.00,0.00,0.00,0,0
4751.15,74.49,-0.41,1.33,-0.01,-0.02,-1.02,30.84,99.32,552.90,0.00,0.00,0.00,0.00,0,0,0,0.00,0.00,0.00,0,0
4751.16,74.49,-0.41,1.33,-0.01,-0.02,-1.02,30.84,99.32,552.90,0.00,0.00,0.00,0.00,0,0,0,0.00,0.00,0.00,0,0
4751.17,74.49,-0.41,1.33,-0.01,-0.02,-1.02,30.84,99.32,552.90,0.00,0.00,0.00,0.00,0,0,0,0.00,0.00,0.00,0,0
4751.18,74.49,-0.41,1.33,-0.01,-0.02,-1.02,30.84,99.32,552.90,0.00,0.00,0.00,0.00,0,0,0,0.00,0.00,0.00,0,0
4751.19,74.49,-0.41,1.33,-0.01,-0.02,-1.02,30.84,99.32,552.90,0.00,0.00,0.00,0.00,0,0,0,0.00,0.00,0.00,0,0
4751.20,74.49,-0.41,1.33,-0.01,-0.02,-1.02,30.84,99.32,552.90,0.00,0.00,0.00,0.00,0,0,0,0.00,0.00,0.00,0,0
4751.21,74.49,-0.41,1.33,-0.01,-0.02,-1.02,30.84,99.32,552.90,0.00,0.00,0.00,0.00,0,0,0,0.00,0.00,0.00,0,0
4751.22,74.49,-0.41,1.33,-0.01,-0.02,-1.02,30.84,99.32,552.90,0.00,0.00,0.00,0.00,0,0,0,0.00,0.00,0.00,0,0
4751.23,74.49,-0.41,1.33,-0.01,-0.02,-1.02,30.84,99.32,552.90,0.00,0.00,0.00,0.00,0,0,0,0.00,0.00,0.00,0,0
4751.24,74.49,-0.41,1.33,-0.01,-0.02,-1.02,30.84,99.32,552.90,0.00,0.00,0.00,0.00,0,0,0,0.00,0.00,0.00,0,0
4751.25,74.49,-0.41,1.33,-0.01,-0.02,-1.02,30.84,99.32,552.90,0.00,0.00,0.00,0.00,0,0,0,0.00,0.00,0.00,0,0
4751.26,74.49,-0.41,1.33,-0.01,-0.03,-1.02,30.83,99.30,556.22,0.00,0.00,0.00,0.00,0,0,0,0.00,0.00,0.00,0,0
4751.27,74.49,-0.41,1.33,-0.01,-0.03,-1.02,30.83,99.31,554.01,0.00,0.00,0.00,0.00,0,0,0,0.00,0.00,0.00,0,0
4751.28,74.49,-0.41,1.33,-0.01,-0.03,-1.02,30.83,99.31,554.01,0.00,0.00,0.00,0.00,0,0,0,0.00,0.00,0.00,0,0
4751.29,74.49,-0.41,1.33,-0.01,-0.03,-1.02,30.83,99.31,554.01,0.00,0.00,0.00,0.00,0,0,0,0.00,0.00,0.00,0,0
4751.30,74.49,-0.41,1.33,-0.01,-0.03,-1.02,30.83,99.31,554.01,0.00,0.00,0.00,0.00,0,0,0,0.00,0.00,0.00,0,0
4751.31,74.49,-0.41,1.33,-0.01,-0.03,-1.02,30.83,99.31,554.01,0.00,0.00,0.00,0.00,0,0,0,0.00,0.00,0.00,0,0
4751.32,74.49,-0.41,1.33,-0.01,-0.03,-1.02,30.83,99.31,554.01,0.00,0.00,0.00,0.00,0,0,0,0.00,0.00,0.00,0,0
4751.33,74.49,-0.41,1.33,-0.01,-0.03,-1.02,30.83,99.31,554.01,0.00,0.00,0.00,0.00,0,0,0,0.00,0.00,0.00,0,0
4751.34,74.49,-0.41,1.33,-0.01,-0.03,-1.02,30.83,99.31,554.01,0.00,0.00,0.00,0.00,0,0,0,0.00,0.00,0.00,0,0
4751.35,74.49,-0.41,1.33,-0.01,-0.03,-1.02,30.83,99.31,554.01,0.00,0.00,0.00,0.00,0,0,0,0.00,0.00,0.00,0,0
4751.36,74.49,-0.41,1.33,-0.01,-0.03,-1.02,30.83,99.31,554.01,0.00,0.00,0.00,0.00,0,0,0,0.00,0.00,0.00,0,0
4751.37,74.49,-0.41,1.33,-0.01,-0.03,-1.02,30.83,99.31,554.01,0.00,0.00,0.00,0.00,0,0,0,0.00,0.00,0.00,0,0
4751.38,74.49,-0.41,1.33,-0.01,-0.03,-1.02,30.83,99.31,554.01,0.00,0.00,0.00,0.00,0,0,0,0.00,0.00,0.00,0,0
4751.39,74.49,-0.41,1.33,-0.01,-0.03,-1.02,30.83,99.31,554.01,0.00,0.00,0.00,0.00,0,0,0,0.00,0.00,0.00,0,0
4751.40,74.49,-0.41,1.33,-0.01,-0.03,-1.02,30.83,99.31,554.01,0.00,0.00,0.00,0.00,0,0,0,0.00,0.00,0.00,0,0
4751.41,74.49,-0.41,1.33,-0.01,-0.03,-1.02,30.83,99.31,554.01,0.00,0.00,0.00,0.00,0,0,0,0.00,0.00,0.00,0,0
4751.42,74.49,-0.41,1.33,-0.01,-0.03,-1.02,30.83,99.31,554.01,0.00,0.00,0.00,0.00,0,0,0,0.00,0.00,0.00,0,0
4751.43,74.49,-0.41,1.33,-0.01,-0.03,-1.02,30.83,99.31,554.01,0.00,0.00,0.00,0.00,0,0,0,0.00,0.00,0.00,0,0
4751.44,74.49,-0.41,1.33,-0.01,-0.03,-1.02,30.83,99.31,554.01,0.00,0.00,0.00,0.00,0,0,0,0.00,0.00,0.00,0,0
4751.45,74.49,-0.41,1.33,-0.01,-0.03,-1.02,30.83,99.31,554.01,0.00,0.00,0.00,0.00,0,0,0,0.00,0.00,0.00,0,0
4751.46,74.49,-0.41,1.33,-0.01,-0.03,-1.02,30.83,99.31,554.01,0.00,0.00,0.00,0.00,0,0,0,0.00,0.00,0.00,0,0
4751.47,74.49,-0.41,1.33,-0.01,-0.03,-1.02,30.83,99.31,554.01,0.00,0.00,0.00,0.00,0,0,0,0.00,0.00,0.00,0,0
4751.48,74.49,-0.41,1.33,-0.01,-0.03,-1.02,30.83,99.31,554.01,0.00,0.00,0.00,0.00,0,0,0,0.00,0.00,0.00,0,0
4751.49,74.49,-0.41,1.33,-0.01,-0.03,-1.02,30.83,99.31,554.01,0.00,0.00,0.00,0.00,0,0,0,0.00,0.00,0.00,0,0
4751.50,74.49,-0.41,1.33,-0.01,-0.03,-1.02,30.83,99.31,554.01,0.00,0.00,0.00,0.00,0,0,0,0.00,0.00,0.00,0,0
4751.51,74.49,-0.41,1.33,-0.01,-0.03,-1.02,30.83,99.31,554.01,0.00,0.00,0.00,0.00,0,0,0,0.00,0.00,0.00,0,0
4751.52,74.49,-0.41,1.33,-0.01,-0.03,-1.02,30.83,99.31,554.01,0.00,0.00,0.00,0.00,0,0,0,0.00,0.00,0.00,0,0
4751.53,74.49,-0.41,1.33,-0.01,-0.03,-1.02,30.83,99.31,554.01,0.00,0.00,0.00,0.00,0,0,0,0.00,0.00,0.00,0,0
4751.54,74.49,-0.41,1.33,-0.01,-0.03,-1.02,30.83,99.31,554.01,0.00,0.00,0.00,0.00,0,0,0,0.00,0.00,0.00,0,0
4751.55,74.49,-0.41,1.33,-0.01,-0.03,-1.02,30.83,99.31,554.01,0.00,0.00,0.00,0.00,0,0,0,0.00,0.00,0.00,0,0
4751.56,74.49,-0.41,1.33,-0.01,-0.03,-1.02,30.83,99.31,554.01,0.00,0.00,0.00,0.00,0,0,0,0.00,0.00,0.00,0,0
4751.57,74.49,-0.41,1.33,-0.01,-0.03,-1.02,30.83,99.31,554.01,0.00,0.00,0.00,0.00,0,0,0,0.00,0.00,0.00,0,0
4751.58,74.49,-0.41,1.33,-0.01,-0.03,-1.02,30.83,99.31,554.01,0.00,0.00,0.00,0.00,0,0,0,0.00,0.00,0.00,0,0
4751.59,74.49,-0.41,1.33,-0.01,-0.03,-1.02,30.83,99.31,554.01,0.00,0.00,0.00,0.00,0,0,0,0.00,0.00,0.00,0,0
4751.60,74.49,-0.41,1.33,-0.01,-0.03,-1.02,30.83,99.31,554.01,0.00,0.00,0.00,0.00,0,0,0,0.00,0.00,0.00,0,0
4751.61,74.49,-0.41,1.33,-0.01,-0.03,-1.02,30.83,99.31,554.01,0.00,0.00,0.00,0.00,0,0,0,0.00,0.00,0.00,0,0
4751.62,74.49,-0.41,1.33,-0.01,-0.03,-1.02,30.83,99.31,554.01,0.00,0.00,0.00,0.00,0,0,0,0.00,0.00,0.00,0,0
4751.63,74.49,-0.41,1.33,-0.01,-0.03,-1.02,30.83,99.31,554.01,0.00,0.00,0.00,0.00,0,0,0,0.00,0.00,0.00,0,0
4751.64,74.49,-0.41,1.33,-0.01,-0.03,-1.02,30.83,99.31,554.01,0.00,0.00,0.00,0.00,0,0,0,0.00,0.00,0.00,0,0
4751.65,74.49,-0.41,1.33,-0.01,-0.03,-1.02,30.83,99.31,554.01,0.00,0.00,0.00,0.00,0,0,0,0.00,0.00,0.00,0,0
4751.66,74.49,-0.41,1.33,-0.01,-0.03,-1.02,30.83,99.31,554.01,0.00,0.00,0.00,0.00,0,0,0,0.00,0.00,0.00,0,0
4751.67,74.49,-0.41,1.33,-0.01,-0.03,-1.02,30.83,99.31,554.01,0.00,0.00,0.00,0.00,0,0,0,0.00,0.00,0.00,0,0
4751.68,74.49,-0.41,1.33,-0.01,-0.03,-1.02,30.83,99.31,554.01,0.00,0.00,0.00,0.00,0,0,0,0.00,0.00,0.00,0,0
4751.69,74.49,-0.41,1.33,-0.01,-0.03,-1.02,30.83,99.31,554.01,0.00,0.00,0.00,0.00,0,0,0,0.00,0.00,0.00,0,0
4751.70,74.49,-0.41,1.33,-0.01,-0.03,-1.02,30.83,99.31,554.01,0.00,0.00,0.00,0.00,0,0,0,0.00,0.00,0.00,0,0
4751.71,74.49,-0.41,1.33,-0.01,-0.03,-1.02,30.83,99.31,554.01,0.00,0.00,0.00,0.00,0,0,0,0.00,0.00,0.00,0,0
4751.72,74.49,-0.41,1.33,-0.01,-0.03,-1.02,30.83,99.31,554.01,0.00,0.00,0.00,0.00,0,0,0,0.00,0.00,0.00,0,0
4751.73,74.49,-0.41,1.33,-0.01,-0.03,-1.02,30.83,99.31,554.01,0.00,0.00,0.00,0.00,0,0,0,0.00,0.00,0.00,0,0
4751.74,74.49,-0.41,1.33,-0.01,-0.03,-1.02,30.83,99.31,554.01,0.00,0.00,0.00,0.00,0,0,0,0.00,0.00,0.00,0,0
4751.75,74.49,-0.41,1.33,-0.01,-0.03,-1.02,30.83,99.31,554.01,0.00,0.00,0.00,0.00,0,0,0,0.00,0.00,0.00,0,0
4751.76,74.49,-0.41,1.33,-0.01,-0.03,-1.02,30.83,99.31,554.01,0.00,0.00,0.00,0.00,0,0,0,0.00,0.00,0.00,0,0
4751.77,74.49,-0.41,1.33,-0.01,-0.03,-1.02,30.83,99.31,554.01,0.00,0.00,0.00,0.00,0,0,0,0.00,0.00,0.00,0,0
4751.78,74.49,-0.41,1.33,-0.01,-0.03,-1.02,30.83,99.31,554.01,0.00,0.00,0.00,0.00,0,0,0,0.00,0.00,0.00,0,0
4751.79,74.49,-0.41,1.33,-0.01,-0.03,-1.02,30.83,99.31,554.01,0.00,0.00,0.00,0.00,0,0,0,0.00,0.00,0.00,0,0
4751.80,74.49,-0.41,1.33,-0.01,-0.03,-1.02,30.83,99.31,554.01,0.00,0.00,0.00,0.00,0,0,0,0.00,0.00,0.00,0,0
4751.81,74.49,-0.41,1.33,-0.01,-0.03,-1.02,30.83,99.31,554.01,0.00,0.00,0.00,0.00,0,0,0,0.00,0.00,0.00,0,0
4751.82,74.49,-0.41,1.33,-0.01,-0.03,-1.02,30.83,99.31,554.01,0.00,0.00,0.00,0.00,0,0,0,0.00,0.00,0.00,0,0
4751.83,74.49,-0.41,1.33,-0.01,-0.03,-1.02,30.83,99.31,554.01,0.00,0.00,0.00,0.00,0,0,0,0.00,0.00,0.00,0,0
4751.84,74.49,-0.41,1.33,-0.01,-0.03,-1.02,30.83,99.31,554.01,0.00,0.00,0.00,0.00,0,0,0,0.00,0.00,0.00,0,0
4751.85,74.49,-0.41,1.33,-0.01,-0.03,-1.02,30.83,99.31,554.01,0.00,0.00,0.00,0.00,0,0,0,0.00,0.00,0.00,0,0
4751.86,74.49,-0.41,1.33,-0.01,-0.03,-1.02,30.83,99.31,554.01,0.00,0.00,0.00,0.00,0,0,0,0.00,0.00,0.00,0,0
4751.87,74.49,-0.41,1.33,-0.01,-0.03,-1.02,30.83,99.31,554.01,0.00,0.00,0.00,0.00,0,0,0,0.00,0.00,0.00,0,0
4751.88,74.49,-0.41,1.33,-0.01,-0.03,-1.02,30.83,99.31,554.01,0.00,0.00,0.00,0.00,0,0,0,0.00,0.00,0.00,0,0
4751.89,74.49,-0.41,1.33,-0.01,-0.03,-1.02,30.83,99.31,554.01,0.00,0.00,0.00,0.00,0,0,0,0.00,0.00,0.00,0,0
4751.90,74.49,-0.41,1.33,-0.01,-0.03,-1.02,30.83,99.31,554.01,0.00,0.00,0.00,0.00,0,0,0,0.00,0.00,0.00,0,0
4751.91,74.49,-0.41,1.33,-0.01,-0.03,-1.02,30.83,99.31,554.01,0.00,0.00,0.00,0.00,0,0,0,0.00,0.00,0.00,0,0
4751.92,74.49,-0.41,1.33,-0.01,-0.03,-1.02,30.83,99.31,554.01,0.00,0.00,0.00,0.00,0,0,0,0.00,0.00,0.00,0,0
4751.93,74.49,-0.41,1.33,-0.01,-0.03,-1.02,30.83,99.31,554.01,0.00,0.00,0.00,0.00,0,0,0,0.00,0.00,0.00,0,0
4751.94,74.49,-0.41,1.33,-0.01,-0.03,-1.02,30.83,99.31,554.01,0.00,0.00,0.00,0.00,0,0,0,0.00,0.00,0.00,0,0
4751.95,74.49,-0.41,1.33,-0.01,-0.03,-1.02,30.83,99.31,554.01,0.00,0.00,0.00,0.00,0,0,0,0.00,0.00,0.00,0,0
4751.96,74.49,-0.41,1.33,-0.01,-0.03,-1.02,30.83,99.31,554.01,0.00,0.00,0.00,0.00,0,0,0,0.00,0.00,0.00,0,0
4751.97,74.49,-0.41,1.33,-0.01,-0.03,-1.02,30.83,99.31,554.01,0.00,0.00,0.00,0.00,0,0,0,0.00,0.00,0.00,0,0
4751.98,74.49,-0.41,1.33,-0.01,-0.03,-1.02,30.83,99.31,554.01,0.00,0.00,0.00,0.00,0,0,0,0.00,0.00,0.00,0,0
4751.99,74.49,-0.41,1.33,-0.01,-0.03,-1.02,30.83,99.31,554.01,0.00,0.00,0.00,0.00,0,0,0,0.00,0.00,0.00,0,0
4752.00,74.49,-0.41,1.33,-0.01,-0.03,-1.02,30.83,99.31,554.01,0.00,0.00,0.00,0.00,0,0,0,0.00,0.00,0.00,0,0
4752.01,74.49,-0.41,1.33,-0.01,-0.03,-1.02,30.83,99.31,554.01,0.00,0.00,0.00,0.00,0,0,0,0.00,0.00,0.00,0,0
4752.02,74.49,-0.41,1.33,-0.01,-0.03,-1.02,30.83,99.31,554.01,0.00,0.00,0.00,0.00,0,0,0,0.00,0.00,0.00,0,0
4752.03,74.49,-0.41,1.33,-0.01,-0.03,-1.02,30.83,99.31,554.01,0.00,0.00,0.00,0.00,0,0,0,0.00,0.00,0.00,0,0
4752.04,74.49,-0.41,1.33,-0.01,-0.03,-1.02,30.83,99.31,554.01,0.00,0.00,0.00,0.00,0,0,0,0.00,0.00,0.00,0,0
4752.05,74.49,-0.41,1.33,-0.01,-0.03,-1.02,30.83,99.31,554.01,0.00,0.00,0.00,0.00,0,0,0,0.00,0.00,0.00,0,0
4752.06,74.49,-0.41,1.33,-0.01,-0.03,-1.02,30.83,99.31,554.01,0.00,0.00,0.00,0.00,0,0,0,0.00,0.00,0.00,0,0
4752.07,74.49,-0.41,1.33,-0.01,-0.03,-1.02,30.83,99.31,554.01,0.00,0.00,0.00,0.00,0,0,0,0.00,0.00,0.00,0,0
4752.08,74.49,-0.41,1.33,-0.01,-0.03,-1.02,30.83,99.31,554.01,0.00,0.00,0.00,0.00,0,0,0,0.00,0.00,0.00,0,0
4752.09,74.49,-0.41,1.33,-0.01,-0.03,-1.02,30.83,99.31,554.01,0.00,0.00,0.00,0.00,0,0,0,0.00,0.00,0.00,0,0
4752.10,74.49,-0.41,1.33,-0.01,-0.03,-1.02,30.83,99.31,554.01,0.00,0.00,0.00,0.00,0,0,0,0.00,0.00,0.00,0,0
4752.11,74.49,-0.41,1.33,-0.01,-0.03,-1.02,30.83,99.31,554.01,0.00,0.00,0.00,0.00,0,0,0,0.00,0.00,0.00,0,0
4752.12,74.49,-0.41,1.33,-0.01,-0.03,-1.02,30.83,99.31,554.01,0.00,0.00,0.00,0.00,0,0,0,0.00,0.00,0.00,0,0
4752.13,74.49,-0.41,1.33,-0.01,-0.03,-1.02,30.83,99.31,554.01,0.00,0.00,0.00,0.00,0,0,0,0.00,0.00,0.00,0,0
4752.14,74.49,-0.41,1.33,-0.01,-0.03,-1.02,30.83,99.31,554.01,0.00,0.00,0.00,0.00,0,0,0,0.00,0.00,0.00,0,0
4752.15,74.49,-0.41,1.33,-0.01,-0.03,-1.02,30.83,99.31,554.01,0.00,0.00,0.00,0.00,0,0,0,0.00,0.00,0.00,0,0
4752.16,74.49,-0.41,1.33,-0.01,-0.03,-1.02,30.83,99.31,554.01,0.00,0.00,0.00,0.00,0,0,0,0.00,0.00,0.00,0,0
4752.17,74.49,-0.41,1.33,-0.01,-0.03,-1.02,30.83,99.31,554.01,0.00,0.00,0.00,0.00,0,0,0,0.00,0.00,0.00,0,0
4752.18,74.49,-0.41,1.33,-0.01,-0.03,-1.02,30.83,99.31,554.01,0.00,0.00,0.00,0.00,0,0,0,0.00,0.00,0.00,0,0
4752.19,74.49,-0.41,1.33,-0.01,-0.03,-1.02,30.83,99.31,554.01,0.00,0.00,0.00,0.00,0,0,0,0.00,0.00,0.00,0,0
4752.20,74.49,-0.41,1.33,-0.01,-0.03,-1.02,30.83,99.31,554.01,0.00,0.00,0.00,0.00,0,0,0,0.00,0.00,0.00,0,0
4752.21,74.49,-0.41,1.33,-0.01,-0.03,-1.02,30.83,99.31,554.01,0.00,0.00,0.00,0.00,0,0,0,0.00,0.00,0.00,0,0
4752.22,74.49,-0.41,1.33,-0.01,-0.03,-1.02,30.83,99.31,554.01,0.00,0.00,0.00,0.00,0,0,0,0.00,0.00,0.00,0,0
4752.23,74.49,-0.41,1.33,-0.01,-0.03,-1.02,30.83,99.31,554.01,0.00,0.00,0.00,0.00,0,0,0,0.00,0.00,0.00,0,0
4752.24,74.49,-0.41,1.33,-0.01,-0.03,-1.02,30.83,99.31,554.01,0.00,0.00,0.00,0.00,0,0,0,0.00,0.00,0.00,0,0
4752.25,74.49,-0.41,1.33,-0.01,-0.03,-1.02,30.83,99.31,554.01,0.00,0.00,0.00,0.00,0,0,0,0.00,0.00,0.00,0,0
4752.26,74.49,-0.41,1.33,-0.01,-0.03,-1.02,30.83,99.31,554.01,0.00,0.00,0.00,0.00,0,0,0,0.00,0.00,0.00,0,0
4752.27,74.49,-0.41,1.33,-0.01,-0.03,-1.02,30.83,99.31,554.01,0.00,0.00,0.00,0.00,0,0,0,0.00,0.00,0.00,0,0
4752.28,74.49,-0.41,1.33,-0.01,-0.03,-1.02,30.83,99.31,554.01,0.00,0.00,0.00,0.00,0,0,0,0.00,0.00,0.00,0,0
4752.29,74.49,-0.41,1.33,-0.01,-0.03,-1.02,30.83,99.31,554.01,0.00,0.00,0.00,0.00,0,0,0,0.00,0.00,0.00,0,0
4752.30,74.49,-0.41,1.33,-0.01,-0.03,-1.02,30.83,99.31,554.01,0.00,0.00,0.00,0.00,0,0,0,0.00,0.00,0.00,0,0
4752.31,74.49,-0.41,1.33,-0.01,-0.03,-1.02,30.83,99.31,554.01,0.00,0.00,0.00,0.00,0,0,0,0.00,0.00,0.00,0,0
4752.32,74.49,-0.41,1.33,-0.01,-0.03,-1.02,30.83,99.31,554.01,0.00,0.00,0.00,0.00,0,0,0,0.00,0.00,0.00,0,0
4752.33,74.49,-0.41,1.33,-0.01,-0.03,-1.02,30.83,99.31,554.01,0.00,0.00,0.00,0.00,0,0,0,0.00,0.00,0.00,0,0
4752.34,74.49,-0.41,1.33,-0.01,-0.03,-1.02,30.83,99.31,554.01,0.00,0.00,0.00,0.00,0,0,0,0.00,0.00,0.00,0,0
4752.35,74.49,-0.41,1.33,-0.01,-0.03,-1.02,30.83,99.31,554.01,0.00,0.00,0.00,0.00,0,0,0,0.00,0.00,0.00,0,0
4752.36,74.49,-0.41,1.33,-0.01,-0.03,-1.02,30.83,99.31,554.01,0.00,0.00,0.00,0.00,0,0,0,0.00,0.00,0.00,0,0
4752.37,74.49,-0.41,1.33,-0.01,-0.03,-1.02,30.83,99.31,554.01,0.00,0.00,0.00,0.00,0,0,0,0.00,0.00,0.00,0,0
4752.38,74.49,-0.41,1.33,-0.01,-0.03,-1.02,30.83,99.31,554.01,0.00,0.00,0.00,0.00,0,0,0,0.00,0.00,0.00,0,0
4752.39,74.49,-0.41,1.33,-0.01,-0.03,-1.02,30.83,99.31,554.01,0.00,0.00,0.00,0.00,0,0,0,0.00,0.00,0.00,0,0
4752.40,74.49,-0.41,1.33,-0.01,-0.03,-1.02,30.83,99.31,554.01,0.00,0.00,0.00,0.00,0,0,0,0.00,0.00,0.00,0,0
4752.41,74.49,-0.41,1.33,-0.01,-0.03,-1.02,30.83,99.31,554.01,0.00,0.00,0.00,0.00,0,0,0,0.00,0.00,0.00,0,0
4752.42,74.49,-0.41,1.33,-0.01,-0.03,-1.02,30.83,99.31,554.01,0.00,0.00,0.00,0.00,0,0,0,0.00,0.00,0.00,0,0
4752.43,74.49,-0.41,1.33,-0.01,-0.03,-1.02,30.83,99.31,554.01,0.00,0.00,0.00,0.00,0,0,0,0.00,0.00,0.00,0,0
4752.44,74.49,-0.41,1.33,-0.01,-0.03,-1.02,30.83,99.31,554.01,0.00,0.00,0.00,0.00,0,0,0,0.00,0.00,0.00,0,0
4752.45,74.49,-0.41,1.33,-0.01,-0.03,-1.02,30.83,99.31,554.01,0.00,0.00,0.00,0.00,0,0,0,0.00,0.00,0.00,0,0
4752.46,74.49,-0.41,1.33,-0.01,-0.03,-1.02,30.83,99.31,554.01,0.00,0.00,0.00,0.00,0,0,0,0.00,0.00,0.00,0,0
4752.47,74.49,-0.41,1.33,-0.01,-0.03,-1.02,30.83,99.31,554.01,0.00,0.00,0.00,0.00,0,0,0,0.00,0.00,0.00,0,0
4752.48,74.49,-0.41,1.33,-0.01,-0.03,-1.02,30.83,99.31,554.01,0.00,0.00,0.00,0.00,0,0,0,0.00,0.00,0.00,0,0
4752.49,74.49,-0.41,1.33,-0.01,-0.03,-1.02,30.83,99.31,554.01,0.00,0.00,0.00,0.00,0,0,0,0.00,0.00,0.00,0,0
4752.50,74.49,-0.41,1.33,-0.01,-0.03,-1.02,30.83,99.31,554.01,0.00,0.00,0.00,0.00,0,0,0,0.00,0.00,0.00,0,0
4752.51,74.49,-0.41,1.33,-0.01,-0.03,-1.02,30.83,99.31,554.01,0.00,0.00,0.00,0.00,0,0,0,0.00,0.00,0.00,0,0
4752.52,74.49,-0.41,1.33,-0.01,-0.03,-1.02,30.83,99.30,557.34,0.00,0.00,0.00,0.00,0,0,0,0.00,0.00,0.00,0,0
4752.53,74.49,-0.41,1.34,-0.01,-0.03,-1.02,30.83,99.30,557.34,0.00,0.00,0.00,0.00,0,0,0,0.00,0.00,0.00,0,0
4752.54,74.49,-0.41,1.34,-0.01,-0.03,-1.02,30.83,99.31,554.01,0.00,0.00,0.00,0.00,0,0,0,0.00,0.00,0.00,0,0
4752.55,74.49,-0.41,1.34,-0.01,-0.03,-1.02,30.84,99.33,549.84,0.00,0.00,0.00,0.00,0,0,0,0.00,0.00,0.00,0,0
4752.56,74.49,-0.41,1.34,-0.01,-0.03,-1.02,30.84,99.33,549.84,0.00,0.00,0.00,0.00,0,0,0,0.00,0.00,0.00,0,0
4752.57,74.49,-0.41,1.34,-0.01,-0.03,-1.02,30.84,99.33,549.84,0.00,0.00,0.00,0.00,0,0,0,0.00,0.00,0.00,0,0
4752.58,74.49,-0.41,1.34,-0.01,-0.03,-1.02,30.84,99.33,549.84,0.00,0.00,0.00,0.00,0,0,0,0.00,0.00,0.00,0,0
4752.59,74.49,-0.41,1.34,-0.01,-0.03,-1.02,30.84,99.33,549.84,0.00,0.00,0.00,0.00,0,0,0,0.00,0.00,0.00,0,0
4752.60,74.49,-0.41,1.34,-0.01,-0.03,-1.02,30.84,99.33,549.84,0.00,0.00,0.00,0.00,0,0,0,0.00,0.00,0.00,0,0
4752.61,74.49,-0.41,1.34,-0.01,-0.03,-1.02,30.84,99.33,549.84,0.00,0.00,0.00,0.00,0,0,0,0.00,0.00,0.00,0,0
4752.62,74.49,-0.41,1.34,-0.01,-0.03,-1.02,30.84,99.33,549.84,0.00,0.00,0.00,0.00,0,0,0,0.00,0.00,0.00,0,0
4752.63,74.49,-0.41,1.34,-0.01,-0.03,-1.02,30.84,99.33,549.84,0.00,0.00,0.00,0.00,0,0,0,0.00,0.00,0.00,0,0
4752.64,74.49,-0.41,1.34,-0.01,-0.03,-1.02,30.84,99.33,549.84,0.00,0.00,0.00,0.00,0,0,0,0.00,0.00,0.00,0,0
4752.65,74.49,-0.41,1.34,-0.01,-0.03,-1.02,30.84,99.33,549.84,0.00,0.00,0.00,0.00,0,0,0,0.00,0.00,0.00,0,0
4752.66,74.49,-0.41,1.34,-0.01,-0.03,-1.02,30.84,99.33,549.84,0.00,0.00,0.00,0.00,0,0,0,0.00,0.00,0.00,0,0
4752.67,74.49,-0.41,1.34,-0.01,-0.03,-1.02,30.84,99.33,549.84,0.00,0.00,0.00,0.00,0,0,0,0.00,0.00,0.00,0,0
4752.68,74.49,-0.41,1.34,-0.01,-0.03,-1.02,30.84,99.33,549.84,0.00,0.00,0.00,0.00,0,0,0,0.00,0.00,0.00,0,0
4752.69,74.49,-0.41,1.34,-0.01,-0.03,-1.02,30.84,99.33,549.84,0.00,0.00,0.00,0.00,0,0,0,0.00,0.00,0.00,0,0
4752.70,74.49,-0.41,1.34,-0.01,-0.03,-1.02,30.84,99.33,549.84,0.00,0.00,0.00,0.00,0,0,0,0.00,0.00,0.00,0,0
4752.71,74.49,-0.41,1.34,-0.01,-0.03,-1.02,30.84,99.33,549.84,0.00,0.00,0.00,0.00,0,0,0,0.00,0.00,0.00,0,0
4752.72,74.49,-0.41,1.34,-0.01,-0.03,-1.02,30.84,99.33,549.84,0.00,0.00,0.00,0.00,0,0,0,0.00,0.00,0.00,0,0
4752.73,74.49,-0.41,1.34,-0.01,-0.03,-1.02,30.84,99.33,549.84,0.00,0.00,0.00,0.00,0,0,0,0.00,0.00,0.00,0,0
4752.74,74.49,-0.41,1.34,-0.01,-0.03,-1.02,30.84,99.33,549.84,0.00,0.00,0.00,0.00,0,0,0,0.00,0.00,0.00,0,0
4752.75,74.49,-0.41,1.34,-0.01,-0.03,-1.02,30.84,99.33,549.84,0.00,0.00,0.00,0.00,0,0,0,0.00,0.00,0.00,0,0
4752.76,74.49,-0.41,1.34,-0.01,-0.03,-1.02,30.84,99.33,549.84,0.00,0.00,0.00,0.00,0,0,0,0.00,0.00,0.00,0,0
4752.77,74.49,-0.41,1.34,-0.01,-0.03,-1.02,30.84,99.33,549.84,0.00,0.00,0.00,0.00,0,0,0,0.00,0.00,0.00,0,0
4752.78,74.49,-0.41,1.34,-0.01,-0.03,-1.02,30.84,99.33,549.84,0.00,0.00,0.00,0.00,0,0,0,0.00,0.00,0.00,0,0
4752.79,74.49,-0.41,1.34,-0.01,-0.03,-1.02,30.84,99.33,549.84,0.00,0.00,0.00,0.00,0,0,0,0.00,0.00,0.00,0,0
4752.80,74.49,-0.41,1.34,-0.01,-0.03,-1.02,30.84,99.33,549.84,0.00,0.00,0.00,0.00,0,0,0,0.00,0.00,0.00,0,0
4752.81,74.49,-0.41,1.34,-0.01,-0.03,-1.02,30.84,99.33,549.84,0.00,0.00,0.00,0.00,0,0,0,0.00,0.00,0.00,0,0
4752.82,74.49,-0.41,1.34,-0.01,-0.03,-1.02,30.84,99.33,549.84,0.00,0.00,0.00,0.00,0,0,0,0.00,0.00,0.00,0,0
4752.83,74.49,-0.41,1.34,-0.01,-0.03,-1.02,30.84,99.33,549.84,0.00,0.00,0.00,0.00,0,0,0,0.00,0.00,0.00,0,0
4752.84,74.49,-0.41,1.34,-0.01,-0.03,-1.02,30.84,99.33,549.84,0.00,0.00,0.00,0.00,0,0,0,0.00,0.00,0.00,0,0
4752.85,74.49,-0.41,1.34,-0.01,-0.03,-1.02,30.84,99.33,549.84,0.00,0.00,0.00,0.00,0,0,0,0.00,0.00,0.00,0,0
4752.86,74.49,-0.41,1.34,-0.01,-0.03,-1.02,30.84,99.33,549.84,0.00,0.00,0.00,0.00,0,0,0,0.00,0.00,0.00,0,0
4752.87,74.49,-0.41,1.34,-0.01,-0.03,-1.02,30.84,99.33,549.84,0.00,0.00,0.00,0.00,0,0,0,0.00,0.00,0.00,0,0
4752.88,74.49,-0.41,1.34,-0.01,-0.03,-1.02,30.84,99.33,549.84,0.00,0.00,0.00,0.00,0,0,0,0.00,0.00,0.00,0,0
4752.89,74.49,-0.41,1.34,-0.01,-0.03,-1.02,30.84,99.33,549.84,0.00,0.00,0.00,0.00,0,0,0,0.00,0.00,0.00,0,0
4752.90,74.49,-0.41,1.34,-0.01,-0.03,-1.02,30.84,99.33,549.84,0.00,0.00,0.00,0.00,0,0,0,0.00,0.00,0.00,0,0
4752.91,74.49,-0.41,1.34,-0.01,-0.03,-1.02,30.84,99.33,549.84,0.00,0.00,0.00,0.00,0,0,0,0.00,0.00,0.00,0,0
4752.92,74.49,-0.41,1.34,-0.01,-0.03,-1.02,30.84,99.33,549.84,0.00,0.00,0.00,0.00,0,0,0,0.00,0.00,0.00,0,0
4752.93,74.49,-0.41,1.34,-0.01,-0.03,-1.02,30.84,99.33,549.84,0.00,0.00,0.00,0.00,0,0,0,0.00,0.00,0.00,0,0
4752.94,74.49,-0.41,1.34,-0.01,-0.03,-1.02,30.84,99.33,549.84,0.00,0.00,0.00,0.00,0,0,0,0.00,0.00,0.00,0,0
4752.95,74.49,-0.41,1.34,-0.01,-0.03,-1.02,30.84,99.33,549.84,0.00,0.00,0.00,0.00,0,0,0,0.00,0.00,0.00,0,0
4752.96,74.49,-0.41,1.34,-0.01,-0.03,-1.02,30.84,99.33,549.84,0.00,0.00,0.00,0.00,0,0,0,0.00,0.00,0.00,0,0
4752.97,74.49,-0.41,1.34,-0.01,-0.03,-1.02,30.84,99.33,549.84,0.00,0.00,0.00,0.00,0,0,0,0.00,0.00,0.00,0,0
4752.98,74.49,-0.41,1.34,-0.01,-0.03,-1.02,30.84,99.33,549.84,0.00,0.00,0.00,0.00,0,0,0,0.00,0.00,0.00,0,0
4752.99,74.49,-0.41,1.34,-0.01,-0.03,-1.02,30.84,99.33,549.84,0.00,0.00,0.00,0.00,0,0,0,0.00,0.00,0.00,0,0
4753.00,74.49,-0.41,1.34,-0.01,-0.03,-1.02,30.84,99.33,549.84,0.00,0.00,0.00,0.00,0,0,0,0.00,0.00,0.00,0,0
4753.01,74.49,-0.41,1.34,-0.01,-0.03,-1.02,30.84,99.33,549.84,0.00,0.00,0.00,0.00,0,0,0,0.00,0.00,0.00,0,0
4753.02,74.49,-0.41,1.34,-0.01,-0.03,-1.02,30.84,99.33,549.84,0.00,0.00,0.00,0.00,0,0,0,0.00,0.00,0.00,0,0
4753.03,74.49,-0.41,1.34,-0.01,-0.03,-1.02,30.84,99.33,549.84,0.00,0.00,0.00,0.00,0,0,0,0.00,0.00,0.00,0,0
4753.04,74.49,-0.41,1.34,-0.01,-0.03,-1.02,30.84,99.33,549.84,0.00,0.00,0.00,0.00,0,0,0,0.00,0.00,0.00,0,0
4753.05,74.49,-0.41,1.34,-0.01,-0.03,-1.02,30.84,99.33,549.84,0.00,0.00,0.00,0.00,0,0,0,0.00,0.00,0.00,0,0
4753.06,74.49,-0.41,1.34,-0.01,-0.03,-1.02,30.84,99.33,549.84,0.00,0.00,0.00,0.00,0,0,0,0.00,0.00,0.00,0,0
4753.07,74.49,-0.41,1.34,-0.01,-0.03,-1.02,30.84,99.33,549.84,0.00,0.00,0.00,0.00,0,0,0,0.00,0.00,0.00,0,0
4753.08,74.49,-0.41,1.34,-0.01,-0.03,-1.02,30.84,99.33,549.84,0.00,0.00,0.00,0.00,0,0,0,0.00,0.00,0.00,0,0
4753.09,74.49,-0.41,1.34,-0.01,-0.03,-1.02,30.84,99.33,549.84,0.00,0.00,0.00,0.00,0,0,0,0.00,0.00,0.00,0,0
4753.10,74.49,-0.41,1.34,-0.01,-0.03,-1.02,30.84,99.33,549.84,0.00,0.00,0.00,0.00,0,0,0,0.00,0.00,0.00,0,0
4753.11,74.49,-0.41,1.34,-0.01,-0.03,-1.02,30.84,99.33,549.84,0.00,0.00,0.00,0.00,0,0,0,0.00,0.00,0.00,0,0
4753.12,74.49,-0.41,1.34,-0.01,-0.03,-1.02,30.84,99.33,549.84,0.00,0.00,0.00,0.00,0,0,0,0.00,0.00,0.00,0,0
4753.13,74.49,-0.41,1.34,-0.01,-0.03,-1.02,30.84,99.33,549.84,0.00,0.00,0.00,0.00,0,0,0,0.00,0.00,0.00,0,0
4753.14,74.49,-0.41,1.34,-0.01,-0.03,-1.02,30.84,99.33,549.84,0.00,0.00,0.00,0.00,0,0,0,0.00,0.00,0.00,0,0
4753.15,74.49,-0.41,1.34,-0.01,-0.03,-1.02,30.84,99.33,549.84,0.00,0.00,0.00,0.00,0,0,0,0.00,0.00,0.00,0,0
4753.16,74.49,-0.41,1.34,-0.01,-0.03,-1.02,30.84,99.33,549.84,0.00,0.00,0.00,0.00,0,0,0,0.00,0.00,0.00,0,0
4753.17,74.49,-0.41,1.34,-0.01,-0.03,-1.02,30.84,99.33,549.84,0.00,0.00,0.00,0.00,0,0,0,0.00,0.00,0.00,0,0
4753.18,74.49,-0.41,1.34,-0.01,-0.03,-1.02,30.84,99.33,549.84,0.00,0.00,0.00,0.00,0,0,0,0.00,0.00,0.00,0,0
4753.19,74.49,-0.41,1.34,-0.01,-0.03,-1.02,30.84,99.33,549.84,0.00,0.00,0.00,0.00,0,0,0,0.00,0.00,0.00,0,0
4753.20,74.49,-0.41,1.34,-0.01,-0.03,-1.02,30.84,99.33,549.84,0.00,0.00,0.00,0.00,0,0,0,0.00,0.00,0.00,0,0
4753.21,74.49,-0.41,1.34,-0.01,-0.03,-1.02,30.84,99.33,549.84,0.00,0.00,0.00,0.00,0,0,0,0.00,0.00,0.00,0,0
4753.22,74.49,-0.41,1.34,-0.01,-0.03,-1.02,30.84,99.33,549.84,0.00,0.00,0.00,0.00,0,0,0,0.00,0.00,0.00,0,0
4753.23,74.49,-0.41,1.34,-0.01,-0.03,-1.02,30.84,99.33,549.84,0.00,0.00,0.00,0.00,0,0,0,0.00,0.00,0.00,0,0
4753.24,74.49,-0.41,1.34,-0.01,-0.03,-1.02,30.84,99.33,549.84,0.00,0.00,0.00,0.00,0,0,0,0.00,0.00,0.00,0,0
4753.25,74.49,-0.41,1.34,-0.01,-0.03,-1.02,30.84,99.33,549.84,0.00,0.00,0.00,0.00,0,0,0,0.00,0.00,0.00,0,0
4753.26,74.49,-0.41,1.34,-0.01,-0.03,-1.02,30.84,99.33,549.84,0.00,0.00,0.00,0.00,0,0,0,0.00,0.00,0.00,0,0
4753.27,74.49,-0.41,1.34,-0.01,-0.03,-1.02,30.84,99.33,549.84,0.00,0.00,0.00,0.00,0,0,0,0.00,0.00,0.00,0,0
4753.28,74.49,-0.41,1.34,-0.01,-0.03,-1.02,30.84,99.33,549.84,0.00,0.00,0.00,0.00,0,0,0,0.00,0.00,0.00,0,0
4753.29,74.49,-0.41,1.34,-0.01,-0.03,-1.02,30.84,99.33,549.84,0.00,0.00,0.00,0.00,0,0,0,0.00,0.00,0.00,0,0
4753.30,74.49,-0.41,1.34,-0.01,-0.03,-1.02,30.84,99.33,549.84,0.00,0.00,0.00,0.00,0,0,0,0.00,0.00,0.00,0,0
4753.31,74.49,-0.41,1.34,-0.01,-0.03,-1.02,30.84,99.33,549.84,0.00,0.00,0.00,0.00,0,0,0,0.00,0.00,0.00,0,0
4753.32,74.49,-0.41,1.34,-0.01,-0.03,-1.02,30.84,99.33,549.84,0.00,0.00,0.00,0.00,0,0,0,0.00,0.00,0.00,0,0
4753.33,74.49,-0.41,1.34,-0.01,-0.03,-1.02,30.84,99.33,549.84,0.00,0.00,0.00,0.00,0,0,0,0.00,0.00,0.00,0,0
4753.34,74.49,-0.41,1.34,-0.01,-0.03,-1.02,30.84,99.33,549.84,0.00,0.00,0.00,0.00,0,0,0,0.00,0.00,0.00,0,0
4753.35,74.49,-0.41,1.34,-0.01,-0.03,-1.02,30.84,99.33,549.84,0.00,0.00,0.00,0.00,0,0,0,0.00,0.00,0.00,0,0
4753.36,74.49,-0.41,1.34,-0.01,-0.03,-1.02,30.84,99.33,549.84,0.00,0.00,0.00,0.00,0,0,0,0.00,0.00,0.00,0,0
4753.37,74.49,-0.41,1.34,-0.01,-0.03,-1.02,30.84,99.33,549.84,0.00,0.00,0.00,0.00,0,0,0,0.00,0.00,0.00,0,0
4753.38,74.49,-0.41,1.34,-0.01,-0.03,-1.02,30.84,99.33,549.84,0.00,0.00,0.00,0.00,0,0,0,0.00,0.00,0.00,0,0
4753.39,74.49,-0.41,1.34,-0.01,-0.03,-1.02,30.84,99.33,549.84,0.00,0.00,0.00,0.00,0,0,0,0.00,0.00,0.00,0,0
4753.40,74.49,-0.41,1.34,-0.01,-0.03,-1.02,30.84,99.33,549.84,0.00,0.00,0.00,0.00,0,0,0,0.00,0.00,0.00,0,0
4753.41,74.49,-0.41,1.34,-0.01,-0.03,-1.02,30.84,99.33,549.84,0.00,0.00,0.00,0.00,0,0,0,0.00,0.00,0.00,0,0
4753.42,74.49,-0.41,1.34,-0.01,-0.03,-1.02,30.84,99.33,549.84,0.00,0.00,0.00,0.00,0,0,0,0.00,0.00,0.00,0,0
4753.43,74.49,-0.41,1.34,-0.01,-0.03,-1.02,30.84,99.33,549.84,0.00,0.00,0.00,0.00,0,0,0,0.00,0.00,0.00,0,0
4753.44,74.49,-0.41,1.34,-0.01,-0.03,-1.02,30.84,99.33,549.84,0.00,0.00,0.00,0.00,0,0,0,0.00,0.00,0.00,0,0
4753.45,74.49,-0.41,1.34,-0.01,-0.03,-1.02,30.84,99.33,549.84,0.00,0.00,0.00,0.00,0,0,0,0.00,0.00,0.00,0,0
4753.46,74.49,-0.41,1.34,-0.01,-0.03,-1.02,30.84,99.33,549.84,0.00,0.00,0.00,0.00,0,0,0,0.00,0.00,0.00,0,0
4753.47,74.49,-0.41,1.34,-0.01,-0.03,-1.02,30.84,99.33,549.84,0.00,0.00,0.00,0.00,0,0,0,0.00,0.00,0.00,0,0
4753.48,74.49,-0.41,1.34,-0.01,-0.03,-1.02,30.84,99.33,549.84,0.00,0.00,0.00,0.00,0,0,0,0.00,0.00,0.00,0,0
4753.49,74.49,-0.41,1.34,-0.01,-0.03,-1.02,30.84,99.33,549.84,0.00,0.00,0.00,0.00,0,0,0,0.00,0.00,0.00,0,0
4753.50,74.49,-0.41,1.34,-0.01,-0.03,-1.02,30.84,99.33,549.84,0.00,0.00,0.00,0.00,0,0,0,0.00,0.00,0.00,0,0
4753.51,74.49,-0.41,1.34,-0.01,-0.03,-1.02,30.84,99.33,549.84,0.00,0.00,0.00,0.00,0,0,0,0.00,0.00,0.00,0,0
4753.52,74.49,-0.41,1.34,-0.01,-0.03,-1.02,30.84,99.33,549.84,0.00,0.00,0.00,0.00,0,0,0,0.00,0.00,0.00,0,0
4753.53,74.49,-0.41,1.34,-0.01,-0.03,-1.02,30.84,99.33,549.84,0.00,0.00,0.00,0.00,0,0,0,0.00,0.00,0.00,0,0
4753.54,74.49,-0.41,1.34,-0.01,-0.03,-1.02,30.84,99.33,549.84,0.00,0.00,0.00,0.00,0,0,0,0.00,0.00,0.00,0,0
4753.55,74.49,-0.41,1.34,-0.01,-0.03,-1.02,30.84,99.33,549.84,0.00,0.00,0.00,0.00,0,0,0,0.00,0.00,0.00,0,0
4753.56,74.49,-0.41,1.34,-0.01,-0.03,-1.02,30.84,99.33,549.84,0.00,0.00,0.00,0.00,0,0,0,0.00,0.00,0.00,0,0
4753.57,74.49,-0.41,1.34,-0.01,-0.03,-1.02,30.84,99.33,549.84,0.00,0.00,0.00,0.00,0,0,0,0.00,0.00,0.00,0,0
4753.58,74.49,-0.41,1.34,-0.01,-0.03,-1.02,30.84,99.33,549.84,0.00,0.00,0.00,0.00,0,0,0,0.00,0.00,0.00,0,0
4753.59,74.49,-0.41,1.34,-0.01,-0.03,-1.02,30.84,99.33,549.84,0.00,0.00,0.00,0.00,0,0,0,0.00,0.00,0.00,0,0
4753.60,74.49,-0.41,1.34,-0.01,-0.03,-1.02,30.84,99.33,549.84,0.00,0.00,0.00,0.00,0,0,0,0.00,0.00,0.00,0,0
4753.61,74.49,-0.41,1.34,-0.01,-0.03,-1.02,30.84,99.33,549.84,0.00,0.00,0.00,0.00,0,0,0,0.00,0.00,0.00,0,0
4753.62,74.49,-0.41,1.34,-0.01,-0.03,-1.02,30.84,99.33,549.84,0.00,0.00,0.00,0.00,0,0,0,0.00,0.00,0.00,0,0
4753.63,74.49,-0.41,1.34,-0.01,-0.03,-1.02,30.84,99.33,549.84,0.00,0.00,0.00,0.00,0,0,0,0.00,0.00,0.00,0,0
4753.64,74.49,-0.41,1.34,-0.01,-0.03,-1.02,30.84,99.33,549.84,0.00,0.00,0.00,0.00,0,0,0,0.00,0.00,0.00,0,0
4753.65,74.49,-0.41,1.34,-0.01,-0.03,-1.02,30.84,99.33,549.84,0.00,0.00,0.00,0.00,0,0,0,0.00,0.00,0.00,0,0
4753.66,74.49,-0.41,1.34,-0.01,-0.03,-1.02,30.84,99.33,549.84,0.00,0.00,0.00,0.00,0,0,0,0.00,0.00,0.00,0,0
4753.67,74.49,-0.41,1.34,-0.01,-0.03,-1.02,30.84,99.33,549.84,0.00,0.00,0.00,0.00,0,0,0,0.00,0.00,0.00,0,0
4753.68,74.49,-0.41,1.34,-0.01,-0.03,-1.02,30.84,99.33,549.84,0.00,0.00,0.00,0.00,0,0,0,0.00,0.00,0.00,0,0
4753.69,74.49,-0.41,1.34,-0.01,-0.03,-1.02,30.84,99.33,549.84,0.00,0.00,0.00,0.00,0,0,0,0.00,0.00,0.00,0,0
4753.70,74.49,-0.41,1.34,-0.01,-0.03,-1.02,30.84,99.33,549.84,0.00,0.00,0.00,0.00,0,0,0,0.00,0.00,0.00,0,0
4753.71,74.49,-0.41,1.34,-0.01,-0.03,-1.02,30.84,99.33,549.84,0.00,0.00,0.00,0.00,0,0,0,0.00,0.00,0.00,0,0
4753.72,74.49,-0.41,1.34,-0.01,-0.03,-1.02,30.84,99.33,549.84,0.00,0.00,0.00,0.00,0,0,0,0.00,0.00,0.00,0,0
4753.73,74.49,-0.41,1.34,-0.01,-0.03,-1.02,30.84,99.33,549.84,0.00,0.00,0.00,0.00,0,0,0,0.00,0.00,0.00,0,0
4753.74,74.49,-0.41,1.34,-0.01,-0.03,-1.02,30.84,99.33,549.84,0.00,0.00,0.00,0.00,0,0,0,0.00,0.00,0.00,0,0
4753.75,74.49,-0.41,1.34,-0.01,-0.03,-1.02,30.84,99.33,549.84,0.00,0.00,0.00,0.00,0,0,0,0.00,0.00,0.00,0,0
4753.76,74.49,-0.41,1.34,-0.01,-0.03,-1.02,30.84,99.33,549.84,0.00,0.00,0.00,0.00,0,0,0,0.00,0.00,0.00,0,0
4753.77,74.49,-0.41,1.34,-0.01,-0.03,-1.02,30.84,99.33,549.84,0.00,0.00,0.00,0.00,0,0,0,0.00,0.00,0.00,0,0
4753.78,74.49,-0.41,1.34,-0.01,-0.03,-1.02,30.83,99.31,554.01,0.00,0.00,0.00,0.00,0,0,0,0.00,0.00,0.00,0,0
4753.79,74.49,-0.41,1.34,-0.01,-0.03,-1.02,30.83,99.30,556.22,0.00,0.00,0.00,0.00,0,0,0,0.00,0.00,0.00,0,0
4753.80,74.49,-0.41,1.34,-0.01,-0.03,-1.02,30.84,99.32,552.90,0.00,0.00,0.00,0.00,0,0,0,0.00,0.00,0.00,0,0
4753.81,74.49,-0.41,1.34,-0.01,-0.03,-1.01,30.84,99.30,556.22,0.00,0.00,0.00,0.00,0,0,0,0.00,0.00,0.00,0,0
4753.82,74.49,-0.41,1.34,-0.01,-0.03,-1.01,30.84,99.30,556.22,0.00,0.00,0.00,0.00,0,0,0,0.00,0.00,0.00,0,0
4753.83,74.49,-0.41,1.34,-0.01,-0.03,-1.01,30.84,99.30,556.22,0.00,0.00,0.00,0.00,0,0,0,0.00,0.00,0.00,0,0
4753.84,74.49,-0.41,1.34,-0.01,-0.03,-1.01,30.84,99.30,556.22,0.00,0.00,0.00,0.00,0,0,0,0.00,0.00,0.00,0,0
4753.85,74.49,-0.41,1.34,-0.01,-0.03,-1.01,30.84,99.30,556.22,0.00,0.00,0.00,0.00,0,0,0,0.00,0.00,0.00,0,0
4753.86,74.49,-0.41,1.34,-0.01,-0.03,-1.01,30.84,99.30,556.22,0.00,0.00,0.00,0.00,0,0,0,0.00,0.00,0.00,0,0
4753.87,74.49,-0.41,1.34,-0.01,-0.03,-1.01,30.84,99.30,556.22,0.00,0.00,0.00,0.00,0,0,0,0.00,0.00,0.00,0,0
4753.88,74.49,-0.41,1.34,-0.01,-0.03,-1.01,30.84,99.30,556.22,0.00,0.00,0.00,0.00,0,0,0,0.00,0.00,0.00,0,0
4753.89,74.49,-0.41,1.34,-0.01,-0.03,-1.01,30.84,99.30,556.22,0.00,0.00,0.00,0.00,0,0,0,0.00,0.00,0.00,0,0
4753.90,74.49,-0.41,1.34,-0.01,-0.03,-1.01,30.84,99.30,556.22,0.00,0.00,0.00,0.00,0,0,0,0.00,0.00,0.00,0,0
4753.91,74.49,-0.41,1.34,-0.01,-0.03,-1.01,30.84,99.30,556.22,0.00,0.00,0.00,0.00,0,0,0,0.00,0.00,0.00,0,0
4753.92,74.49,-0.41,1.34,-0.01,-0.03,-1.01,30.84,99.30,556.22,0.00,0.00,0.00,0.00,0,0,0,0.00,0.00,0.00,0,0
4753.93,74.49,-0.41,1.34,-0.01,-0.03,-1.01,30.84,99.30,556.22,0.00,0.00,0.00,0.00,0,0,0,0.00,0.00,0.00,0,0
4753.94,74.49,-0.41,1.34,-0.01,-0.03,-1.01,30.84,99.30,556.22,0.00,0.00,0.00,0.00,0,0,0,0.00,0.00,0.00,0,0
4753.95,74.49,-0.41,1.34,-0.01,-0.03,-1.01,30.84,99.30,556.22,0.00,0.00,0.00,0.00,0,0,0,0.00,0.00,0.00,0,0
4753.96,74.49,-0.41,1.34,-0.01,-0.03,-1.01,30.84,99.30,556.22,0.00,0.00,0.00,0.00,0,0,0,0.00,0.00,0.00,0,0
4753.97,74.49,-0.41,1.34,-0.01,-0.03,-1.01,30.84,99.30,556.22,0.00,0.00,0.00,0.00,0,0,0,0.00,0.00,0.00,0,0
4753.98,74.49,-0.41,1.34,-0.01,-0.03,-1.01,30.84,99.30,556.22,0.00,0.00,0.00,0.00,0,0,0,0.00,0.00,0.00,0,0
4753.99,74.49,-0.41,1.34,-0.01,-0.03,-1.01,30.84,99.30,556.22,0.00,0.00,0.00,0.00,0,0,0,0.00,0.00,0.00,0,0
4754.00,74.49,-0.41,1.34,-0.01,-0.03,-1.01,30.84,99.30,556.22,0.00,0.00,0.00,0.00,0,0,0,0.00,0.00,0.00,0,0
4754.01,74.49,-0.41,1.34,-0.01,-0.03,-1.01,30.84,99.30,556.22,0.00,0.00,0.00,0.00,0,0,0,0.00,0.00,0.00,0,0
4754.02,74.49,-0.41,1.34,-0.01,-0.03,-1.01,30.84,99.30,556.22,0.00,0.00,0.00,0.00,0,0,0,0.00,0.00,0.00,0,0
4754.03,74.49,-0.41,1.34,-0.01,-0.03,-1.01,30.84,99.30,556.22,0.00,0.00,0.00,0.00,0,0,0,0.00,0.00,0.00,0,0
4754.04,74.49,-0.41,1.34,-0.01,-0.03,-1.01,30.84,99.30,556.22,0.00,0.00,0.00,0.00,0,0,0,0.00,0.00,0.00,0,0
4754.05,74.49,-0.41,1.34,-0.01,-0.03,-1.01,30.84,99.30,556.22,0.00,0.00,0.00,0.00,0,0,0,0.00,0.00,0.00,0,0
4754.06,74.49,-0.41,1.34,-0.01,-0.03,-1.01,30.84,99.30,556.22,0.00,0.00,0.00,0.00,0,0,0,0.00,0.00,0.00,0,0
4754.07,74.49,-0.41,1.34,-0.01,-0.03,-1.01,30.84,99.30,556.22,0.00,0.00,0.00,0.00,0,0,0,0.00,0.00,0.00,0,0
4754.08,74.49,-0.41,1.34,-0.01,-0.03,-1.01,30.84,99.30,556.22,0.00,0.00,0.00,0.00,0,0,0,0.00,0.00,0.00,0,0
4754.09,74.49,-0.41,1.34,-0.01,-0.03,-1.01,30.84,99.30,556.22,0.00,0.00,0.00,0.00,0,0,0,0.00,0.00,0.00,0,0
4754.10,74.49,-0.41,1.34,-0.01,-0.03,-1.01,30.84,99.30,556.22,0.00,0.00,0.00,0.00,0,0,0,0.00,0.00,0.00,0,0
4754.11,74.49,-0.41,1.34,-0.01,-0.03,-1.01,30.84,99.30,556.22,0.00,0.00,0.00,0.00,0,0,0,0.00,0.00,0.00,0,0
4754.12,74.49,-0.41,1.34,-0.01,-0.03,-1.01,30.84,99.30,556.22,0.00,0.00,0.00,0.00,0,0,0,0.00,0.00,0.00,0,0
4754.13,74.49,-0.41,1.34,-0.01,-0.03,-1.01,30.84,99.30,556.22,0.00,0.00,0.00,0.00,0,0,0,0.00,0.00,0.00,0,0
4754.14,74.49,-0.41,1.34,-0.01,-0.03,-1.01,30.84,99.30,556.22,0.00,0.00,0.00,0.00,0,0,0,0.00,0.00,0.00,0,0
4754.15,74.49,-0.41,1.34,-0.01,-0.03,-1.01,30.84,99.30,556.22,0.00,0.00,0.00,0.00,0,0,0,0.00,0.00,0.00,0,0
4754.16,74.49,-0.41,1.34,-0.01,-0.03,-1.01,30.84,99.30,556.22,0.00,0.00,0.00,0.00,0,0,0,0.00,0.00,0.00,0,0
4754.17,74.49,-0.41,1.34,-0.01,-0.03,-1.01,30.84,99.30,556.22,0.00,0.00,0.00,0.00,0,0,0,0.00,0.00,0.00,0,0
4754.18,74.49,-0.41,1.34,-0.01,-0.03,-1.01,30.84,99.30,556.22,0.00,0.00,0.00,0.00,0,0,0,0.00,0.00,0.00,0,0
4754.19,74.49,-0.41,1.34,-0.01,-0.03,-1.01,30.84,99.30,556.22,0.00,0.00,0.00,0.00,0,0,0,0.00,0.00,0.00,0,0
4754.20,74.49,-0.41,1.34,-0.01,-0.03,-1.01,30.84,99.30,556.22,0.00,0.00,0.00,0.00,0,0,0,0.00,0.00,0.00,0,0
4754.21,74.49,-0.41,1.34,-0.01,-0.03,-1.01,30.84,99.30,556.22,0.00,0.00,0.00,0.00,0,0,0,0.00,0.00,0.00,0,0
4754.22,74.49,-0.41,1.34,-0.01,-0.03,-1.01,30.84,99.30,556.22,0.00,0.00,0.00,0.00,0,0,0,0.00,0.00,0.00,0,0
4754.23,74.49,-0.41,1.34,-0.01,-0.03,-1.01,30.84,99.30,556.22,0.00,0.00,0.00,0.00,0,0,0,0.00,0.00,0.00,0,0
4754.24,74.49,-0.41,1.34,-0.01,-0.03,-1.01,30.84,99.30,556.22,0.00,0.00,0.00,0.00,0,0,0,0.00,0.00,0.00,0,0
4754.25,74.49,-0.41,1.34,-0.01,-0.03,-1.01,30.84,99.30,556.22,0.00,0.00,0.00,0.00,0,0,0,0.00,0.00,0.00,0,0
4754.26,74.49,-0.41,1.34,-0.01,-0.03,-1.01,30.84,99.30,556.22,0.00,0.00,0.00,0.00,0,0,0,0.00,0.00,0.00,0,0
4754.27,74.49,-0.41,1.34,-0.01,-0.03,-1.01,30.84,99.30,556.22,0.00,0.00,0.00,0.00,0,0,0,0.00,0.00,0.00,0,0
4754.28,74.49,-0.41,1.34,-0.01,-0.03,-1.01,30.84,99.30,556.22,0.00,0.00,0.00,0.00,0,0,0,0.00,0.00,0.00,0,0
4754.29,74.49,-0.41,1.34,-0.01,-0.03,-1.01,30.84,99.30,556.22,0.00,0.00,0.00,0.00,0,0,0,0.00,0.00,0.00,0,0
4754.30,74.49,-0.41,1.34,-0.01,-0.03,-1.01,30.84,99.30,556.22,0.00,0.00,0.00,0.00,0,0,0,0.00,0.00,0.00,0,0
4754.31,74.49,-0.41,1.34,-0.01,-0.03,-1.01,30.84,99.30,556.22,0.00,0.00,0.00,0.00,0,0,0,0.00,0.00,0.00,0,0
4754.32,74.49,-0.41,1.34,-0.01,-0.03,-1.01,30.84,99.30,556.22,0.00,0.00,0.00,0.00,0,0,0,0.00,0.00,0.00,0,0
4754.33,74.49,-0.41,1.34,-0.01,-0.03,-1.01,30.84,99.30,556.22,0.00,0.00,0.00,0.00,0,0,0,0.00,0.00,0.00,0,0
4754.34,74.49,-0.41,1.34,-0.01,-0.03,-1.01,30.84,99.30,556.22,0.00,0.00,0.00,0.00,0,0,0,0.00,0.00,0.00,0,0
4754.35,74.49,-0.41,1.34,-0.01,-0.03,-1.01,30.84,99.30,556.22,0.00,0.00,0.00,0.00,0,0,0,0.00,0.00,0.00,0,0
4754.36,74.49,-0.41,1.34,-0.01,-0.03,-1.01,30.84,99.30,556.22,0.00,0.00,0.00,0.00,0,0,0,0.00,0.00,0.00,0,0
4754.37,74.49,-0.41,1.34,-0.01,-0.03,-1.01,30.84,99.30,556.22,0.00,0.00,0.00,0.00,0,0,0,0.00,0.00,0.00,0,0
4754.38,74.49,-0.41,1.34,-0.01,-0.03,-1.01,30.84,99.30,556.22,0.00,0.00,0.00,0.00,0,0,0,0.00,0.00,0.00,0,0
4754.39,74.49,-0.41,1.34,-0.01,-0.03,-1.01,30.84,99.30,556.22,0.00,0.00,0.00,0.00,0,0,0,0.00,0.00,0.00,0,0
4754.40,74.49,-0.41,1.34,-0.01,-0.03,-1.01,30.84,99.30,556.22,0.00,0.00,0.00,0.00,0,0,0,0.00,0.00,0.00,0,0
4754.41,74.49,-0.41,1.34,-0.01,-0.03,-1.01,30.84,99.30,556.22,0.00,0.00,0.00,0.00,0,0,0,0.00,0.00,0.00,0,0
4754.42,74.49,-0.41,1.34,-0.01,-0.03,-1.01,30.84,99.30,556.22,0.00,0.00,0.00,0.00,0,0,0,0.00,0.00,0.00,0,0
4754.43,74.49,-0.41,1.34,-0.01,-0.03,-1.01,30.84,99.30,556.22,0.00,0.00,0.00,0.00,0,0,0,0.00,0.00,0.00,0,0
4754.44,74.49,-0.41,1.34,-0.01,-0.03,-1.01,30.84,99.30,556.22,0.00,0.00,0.00,0.00,0,0,0,0.00,0.00,0.00,0,0
4754.45,74.49,-0.41,1.34,-0.01,-0.03,-1.01,30.84,99.30,556.22,0.00,0.00,0.00,0.00,0,0,0,0.00,0.00,0.00,0,0
4754.46,74.49,-0.41,1.34,-0.01,-0.03,-1.01,30.84,99.30,556.22,0.00,0.00,0.00,0.00,0,0,0,0.00,0.00,0.00,0,0
4754.47,74.49,-0.41,1.34,-0.01,-0.03,-1.01,30.84,99.30,556.22,0.00,0.00,0.00,0.00,0,0,0,0.00,0.00,0.00,0,0
4754.48,74.49,-0.41,1.34,-0.01,-0.03,-1.01,30.84,99.30,556.22,0.00,0.00,0.00,0.00,0,0,0,0.00,0.00,0.00,0,0
4754.49,74.49,-0.41,1.34,-0.01,-0.03,-1.01,30.84,99.30,556.22,0.00,0.00,0.00,0.00,0,0,0,0.00,0.00,0.00,0,0
4754.50,74.49,-0.41,1.34,-0.01,-0.03,-1.01,30.84,99.30,556.22,0.00,0.00,0.00,0.00,0,0,0,0.00,0.00,0.00,0,0
4754.51,74.49,-0.41,1.34,-0.01,-0.03,-1.01,30.84,99.30,556.22,0.00,0.00,0.00,0.00,0,0,0,0.00,0.00,0.00,0,0
4754.52,74.49,-0.41,1.34,-0.01,-0.03,-1.01,30.84,99.30,556.22,0.00,0.00,0.00,0.00,0,0,0,0.00,0.00,0.00,0,0
4754.53,74.49,-0.41,1.34,-0.01,-0.03,-1.01,30.84,99.30,556.22,0.00,0.00,0.00,0.00,0,0,0,0.00,0.00,0.00,0,0
4754.54,74.49,-0.41,1.34,-0.01,-0.03,-1.01,30.84,99.30,556.22,0.00,0.00,0.00,0.00,0,0,0,0.00,0.00,0.00,0,0
4754.55,74.49,-0.41,1.34,-0.01,-0.03,-1.01,30.84,99.30,556.22,0.00,0.00,0.00,0.00,0,0,0,0.00,0.00,0.00,0,0
4754.56,74.49,-0.41,1.34,-0.01,-0.03,-1.01,30.84,99.30,556.22,0.00,0.00,0.00,0.00,0,0,0,0.00,0.00,0.00,0,0
4754.57,74.49,-0.41,1.34,-0.01,-0.03,-1.01,30.84,99.30,556.22,0.00,0.00,0.00,0.00,0,0,0,0.00,0.00,0.00,0,0
4754.58,74.49,-0.41,1.34,-0.01,-0.03,-1.01,30.84,99.30,556.22,0.00,0.00,0.00,0.00,0,0,0,0.00,0.00,0.00,0,0
4754.59,74.49,-0.41,1.34,-0.01,-0.03,-1.01,30.84,99.30,556.22,0.00,0.00,0.00,0.00,0,0,0,0.00,0.00,0.00,0,0
4754.60,74.49,-0.41,1.34,-0.01,-0.03,-1.01,30.84,99.30,556.22,0.00,0.00,0.00,0.00,0,0,0,0.00,0.00,0.00,0,0
4754.61,74.49,-0.41,1.34,-0.01,-0.03,-1.01,30.84,99.30,556.22,0.00,0.00,0.00,0.00,0,0,0,0.00,0.00,0.00,0,0
4754.62,74.49,-0.41,1.34,-0.01,-0.03,-1.01,30.84,99.30,556.22,0.00,0.00,0.00,0.00,0,0,0,0.00,0.00,0.00,0,0
4754.63,74.49,-0.41,1.34,-0.01,-0.03,-1.01,30.84,99.30,556.22,0.00,0.00,0.00,0.00,0,0,0,0.00,0.00,0.00,0,0
4754.64,74.49,-0.41,1.34,-0.01,-0.03,-1.01,30.84,99.30,556.22,0.00,0.00,0.00,0.00,0,0,0,0.00,0.00,0.00,0,0
4754.65,74.49,-0.41,1.34,-0.01,-0.03,-1.01,30.84,99.30,556.22,0.00,0.00,0.00,0.00,0,0,0,0.00,0.00,0.00,0,0
4754.66,74.49,-0.41,1.34,-0.01,-0.03,-1.01,30.84,99.30,556.22,0.00,0.00,0.00,0.00,0,0,0,0.00,0.00,0.00,0,0
4754.67,74.49,-0.41,1.34,-0.01,-0.03,-1.01,30.84,99.30,556.22,0.00,0.00,0.00,0.00,0,0,0,0.00,0.00,0.00,0,0
4754.68,74.49,-0.41,1.34,-0.01,-0.03,-1.01,30.84,99.30,556.22,0.00,0.00,0.00,0.00,0,0,0,0.00,0.00,0.00,0,0
4754.69,74.49,-0.41,1.34,-0.01,-0.03,-1.01,30.84,99.30,556.22,0.00,0.00,0.00,0.00,0,0,0,0.00,0.00,0.00,0,0
4754.70,74.49,-0.41,1.34,-0.01,-0.03,-1.01,30.84,99.30,556.22,0.00,0.00,0.00,0.00,0,0,0,0.00,0.00,0.00,0,0
4754.71,74.49,-0.41,1.34,-0.01,-0.03,-1.01,30.84,99.30,556.22,0.00,0.00,0.00,0.00,0,0,0,0.00,0.00,0.00,0,0
4754.72,74.49,-0.41,1.34,-0.01,-0.03,-1.01,30.84,99.30,556.22,0.00,0.00,0.00,0.00,0,0,0,0.00,0.00,0.00,0,0
4754.73,74.49,-0.41,1.34,-0.01,-0.03,-1.01,30.84,99.30,556.22,0.00,0.00,0.00,0.00,0,0,0,0.00,0.00,0.00,0,0
4754.74,74.49,-0.41,1.34,-0.01,-0.03,-1.01,30.84,99.30,556.22,0.00,0.00,0.00,0.00,0,0,0,0.00,0.00,0.00,0,0
4754.75,74.49,-0.41,1.34,-0.01,-0.03,-1.01,30.84,99.30,556.22,0.00,0.00,0.00,0.00,0,0,0,0.00,0.00,0.00,0,0
4754.76,74.49,-0.41,1.34,-0.01,-0.03,-1.01,30.84,99.30,556.22,0.00,0.00,0.00,0.00,0,0,0,0.00,0.00,0.00,0,0
4754.77,74.49,-0.41,1.34,-0.01,-0.03,-1.01,30.84,99.30,556.22,0.00,0.00,0.00,0.00,0,0,0,0.00,0.00,0.00,0,0
4754.78,74.49,-0.41,1.34,-0.01,-0.03,-1.01,30.84,99.30,556.22,0.00,0.00,0.00,0.00,0,0,0,0.00,0.00,0.00,0,0
4754.79,74.49,-0.41,1.34,-0.01,-0.03,-1.01,30.84,99.30,556.22,0.00,0.00,0.00,0.00,0,0,0,0.00,0.00,0.00,0,0
4754.80,74.49,-0.41,1.34,-0.01,-0.03,-1.01,30.84,99.30,556.22,0.00,0.00,0.00,0.00,0,0,0,0.00,0.00,0.00,0,0
4754.81,74.49,-0.41,1.34,-0.01,-0.03,-1.01,30.84,99.30,556.22,0.00,0.00,0.00,0.00,0,0,0,0.00,0.00,0.00,0,0
4754.82,74.49,-0.41,1.34,-0.01,-0.03,-1.01,30.84,99.30,556.22,0.00,0.00,0.00,0.00,0,0,0,0.00,0.00,0.00,0,0
4754.83,74.49,-0.41,1.34,-0.01,-0.03,-1.01,30.84,99.30,556.22,0.00,0.00,0.00,0.00,0,0,0,0.00,0.00,0.00,0,0
4754.84,74.49,-0.41,1.34,-0.01,-0.03,-1.01,30.84,99.30,556.22,0.00,0.00,0.00,0.00,0,0,0,0.00,0.00,0.00,0,0
4754.85,74.49,-0.41,1.34,-0.01,-0.03,-1.01,30.84,99.30,556.22,0.00,0.00,0.00,0.00,0,0,0,0.00,0.00,0.00,0,0
4754.86,74.49,-0.41,1.34,-0.01,-0.03,-1.01,30.84,99.30,556.22,0.00,0.00,0.00,0.00,0,0,0,0.00,0.00,0.00,0,0
4754.87,74.49,-0.41,1.34,-0.01,-0.03,-1.01,30.84,99.30,556.22,0.00,0.00,0.00,0.00,0,0,0,0.00,0.00,0.00,0,0
4754.88,74.49,-0.41,1.34,-0.01,-0.03,-1.01,30.84,99.30,556.22,0.00,0.00,0.00,0.00,0,0,0,0.00,0.00,0.00,0,0
4754.89,74.49,-0.41,1.34,-0.01,-0.03,-1.01,30.84,99.30,556.22,0.00,0.00,0.00,0.00,0,0,0,0.00,0.00,0.00,0,0
4754.90,74.49,-0.41,1.34,-0.01,-0.03,-1.01,30.84,99.30,556.22,0.00,0.00,0.00,0.00,0,0,0,0.00,0.00,0.00,0,0
4754.91,74.49,-0.41,1.34,-0.01,-0.03,-1.01,30.84,99.30,556.22,0.00,0.00,0.00,0.00,0,0,0,0.00,0.00,0.00,0,0
4754.92,74.49,-0.41,1.34,-0.01,-0.03,-1.01,30.84,99.30,556.22,0.00,0.00,0.00,0.00,0,0,0,0.00,0.00,0.00,0,0
4754.93,74.49,-0.41,1.34,-0.01,-0.03,-1.01,30.84,99.30,556.22,0.00,0.00,0.00,0.00,0,0,0,0.00,0.00,0.00,0,0
4754.94,74.49,-0.41,1.34,-0.01,-0.03,-1.01,30.84,99.30,556.22,0.00,0.00,0.00,0.00,0,0,0,0.00,0.00,0.00,0,0
4754.95,74.49,-0.41,1.34,-0.01,-0.03,-1.01,30.84,99.30,556.22,0.00,0.00,0.00,0.00,0,0,0,0.00,0.00,0.00,0,0
4754.96,74.49,-0.41,1.34,-0.01,-0.03,-1.01,30.84,99.30,556.22,0.00,0.00,0.00,0.00,0,0,0,0.00,0.00,0.00,0,0
4754.97,74.49,-0.41,1.34,-0.01,-0.03,-1.01,30.84,99.30,556.22,0.00,0.00,0.00,0.00,0,0,0,0.00,0.00,0.00,0,0
4754.98,74.49,-0.41,1.34,-0.01,-0.03,-1.01,30.84,99.30,556.22,0.00,0.00,0.00,0.00,0,0,0,0.00,0.00,0.00,0,0
4754.99,74.49,-0.41,1.34,-0.01,-0.03,-1.01,30.84,99.30,556.22,0.00,0.00,0.00,0.00,0,0,0,0.00,0.00,0.00,0,0
4755.00,74.49,-0.41,1.34,-0.01,-0.03,-1.01,30.84,99.30,556.22,0.00,0.00,0.00,0.00,0,0,0,0.00,0.00,0.00,0,0
4755.01,74.49,-0.41,1.34,-0.01,-0.03,-1.01,30.84,99.30,556.22,0.00,0.00,0.00,0.00,0,0,0,0.00,0.00,0.00,0,0
4755.02,74.49,-0.41,1.34,-0.01,-0.03,-1.01,30.84,99.30,556.22,0.00,0.00,0.00,0.00,0,0,0,0.00,0.00,0.00,0,0
4755.03,74.49,-0.41,1.34,-0.01,-0.03,-1.01,30.84,99.30,556.22,0.00,0.00,0.00,0.00,0,0,0,0.00,0.00,0.00,0,0
4755.04,74.49,-0.41,1.34,-0.01,-0.03,-1.02,30.84,99.32,552.90,0.00,0.00,0.00,0.00,0,0,0,0.00,0.00,0.00,0,0
4755.05,74.49,-0.41,1.34,-0.01,-0.03,-1.02,30.84,99.30,556.22,0.00,0.00,0.00,0.00,0,0,0,0.00,0.00,0.00,0,0
4755.06,74.49,-0.41,1.34,-0.01,-0.03,-1.02,30.84,99.30,557.34,0.00,0.00,0.00,0.00,0,0,0,0.00,0.00,0.00,0,0
4755.07,74.49,-0.41,1.34,-0.01,-0.03,-1.02,30.84,99.29,559.28,0.00,0.00,0.00,0.00,0,0,0,0.00,0.00,0.00,0,0
4755.08,74.49,-0.41,1.34,-0.01,-0.03,-1.02,30.84,99.29,559.28,0.00,0.00,0.00,0.00,0,0,0,0.00,0.00,0.00,0,0
4755.09,74.49,-0.41,1.34,-0.01,-0.03,-1.02,30.84,99.29,559.28,0.00,0.00,0.00,0.00,0,0,0,0.00,0.00,0.00,0,0
4755.10,74.49,-0.41,1.34,-0.01,-0.03,-1.02,30.84,99.29,559.28,0.00,0.00,0.00,0.00,0,0,0,0.00,0.00,0.00,0,0
